frame                                 sky    far    f-s    c-s    T2   T4b  nb   T1B   T1C   C12    C11   C14   C15  mean  fails
S4@i00_base.png                     192.9  165.9  -27.0  -22.4   0.5   0.0   0  79.7   0.0  -3.5    3.9  18.4  0.09 108.0  crit,T1,T1BC,C11,C15
S4@i01_g03.png                      184.3  149.7  -34.6  -29.1   2.0   0.0   1  30.8   4.0   7.5    8.9  33.9  0.27 110.9  far,T1,T1BC
S4@i02_g03_an50.png                 185.6  152.3  -33.3  -27.5   1.9   0.0   1  32.8   5.7   4.9    8.1  29.5  0.26 111.7  far,T1,T1BC
S4@i03_g03_an30.png                 185.6  156.3  -29.3  -25.3   1.8   0.0   1  34.2   7.9   1.4    7.7  30.1  0.23 112.6  T1,T1BC,C15
S4@i04_g03_mie20_ray45.png          185.7  156.8  -28.9  -26.2   1.4   0.0   1  33.5   1.3  25.8    8.3  30.8  0.24 116.1  C12,T1,T1BC,C15
S4@i05_g03_an50_sl55.png            186.7  154.0  -32.7  -27.6   1.8   0.0   1  32.7   2.3   4.8    8.6  29.4  0.25 113.3  far,T1,T1BC
S4@i06_g03_dir30.png                182.9  152.5  -30.4  -24.9   2.0   0.0   1  29.5   3.7   5.5    9.0  32.8  0.27 113.5  crit,T1,T1BC
S4@i07_g03_an50_ap10.png            184.3  152.4  -31.9  -26.3   2.0   0.0   1  30.4   5.1   5.4    9.1  31.2  0.27 112.9  T1,T1BC
S4@i08_g03_an50_h6.png              183.6  149.8  -33.8  -27.2   1.9   0.0   1  30.3   5.1   1.9    8.9  29.8  0.28 111.1  far,T1,T1BC
S4@i09_g03_an40_sl55_SL6.png        185.8  155.1  -30.7  -26.1   1.8   0.0   1  32.7   4.5   5.1    8.4  29.1  0.24 113.3  T1,T1BC,C15
S4@i10_g03_an50_cut100k.png         192.9  129.0  -63.9  -57.6   0.8   0.0   0  27.2  18.3   9.0   10.5  25.3  0.31  96.4  far,crit,T1
S4@i11_g03.png                      184.4  151.2  -33.2  -27.5   2.0   0.0   1  30.3   5.3   6.2    8.8  34.5  0.27 111.5  far,T1,T1BC
