frame                                 sky    far    f-s    c-s    T2   T4b  nb   T1B   T1C   C12    C11   C14   C15  mean  fails
S4@g00_base.png                     192.9  165.9  -27.0  -22.4   0.5   0.0   0  80.7   0.0  -3.5    3.9  18.5  0.09 107.9  crit,T1,T1BC,C11,C15
S4@g01_f10.png                      180.9  148.0  -32.8  -26.9   2.0   0.0   1  30.1   6.5   7.7    8.6  34.7  0.28 109.6  far,T1,T1BC
S4@g02_f10_sl47.png                 182.2  149.1  -33.1  -27.4   2.0   0.0   1  31.5   7.1   6.6    8.3  31.0  0.28 111.0  far,T1,T1BC
S4@g03_f10_sl50.png                 183.3  151.9  -31.4  -26.0   2.0   0.0   1  31.9   5.3   5.2    8.5  32.7  0.27 112.9  T1,T1BC
S4@g04_ap12_sl50_fc70.png           183.6  151.9  -31.7  -26.2   2.0   0.0   1  31.2   6.3   4.1    8.6  31.5  0.27 112.6  T1,T1BC
S4@g05_ap12_sl55_fc70.png           186.5  151.5  -35.0  -29.6   1.9   0.0   1  30.6   1.8   5.2    9.1  31.2  0.26 111.8  far,T1,T1BC
S4@g06_f08_sl52.png                 183.2  152.4  -30.8  -24.6   2.0   0.0   1  30.1   4.0   2.5    8.6  31.1  0.26 112.5  crit,T1,T1BC
S4@g07_f08_sl55.png                 184.6  152.7  -31.8  -25.7   2.0   0.0   1  31.6   4.8   2.1    8.8  30.0  0.25 112.7  T1,T1BC
S4@g08_ap12_sl50_SL65.png           180.8  153.8  -27.0  -22.1   2.1   0.0   1  30.7   6.9   7.8    9.1  31.0  0.27 116.6  crit,T1,T1BC
S4@g09_ap12_sl50_SL45.png           183.7  149.2  -34.4  -27.8   2.0   0.0   1  30.0   5.6   3.9    8.8  31.7  0.25 107.8  far,T1,T1BC
S4@g10_ap1_sl55_fc70.png            187.7  153.8  -33.9  -29.0   1.9   0.0   1  29.8   2.9   7.9    8.8  32.9  0.23 110.9  far,T1,T1BC,C15
S4@g11_base.png                     192.6  165.9  -26.7  -22.1   0.5   0.0   0  79.6   0.0  -4.7    3.9  18.4  0.09 108.1  crit,T1,T1BC,C11,C15
S4@g12_f10.png                      180.9  149.7  -31.1  -25.3   2.0   0.0   1  30.1   9.9   7.2    8.7  35.2  0.28 111.0  T1,T1BC,C14
