frame                                 sky    far    f-s    c-s    T2   T4b  nb   T1B   T1C   C12    C11   C14   C15  mean  fails
S4@h00_base.png                     192.9  165.8  -27.0  -22.4   0.5   0.0   0  79.6   0.0  -3.5    3.9  18.4  0.09 107.9  crit,T1,T1BC,C11,C15
S4@h01_g03.png                      184.2  149.7  -34.5  -29.1   2.0   0.0   1  30.5   3.8   7.6    9.0  34.1  0.27 111.0  far,T1,T1BC
S4@h02_g03_cut100k.png              192.3  128.8  -63.5  -57.6   0.9   0.0   1  25.5  18.2   9.5   11.0  24.9  0.33  98.9  far,crit,T1
S4@h03_g03_cut50k.png               192.2  127.3  -64.8  -59.2   0.9   0.0   1  25.0  18.9   8.9    9.8  26.4  0.34  98.0  far,crit,T1
S4@h04_g03_cut100k_sl40.png         188.1  132.7  -55.4  -49.1   1.3   0.0   1  25.8  18.5   6.9   10.8  26.5  0.35 102.3  far,crit,T1
S4@h05_g03_cut100k_sl30.png         182.4  133.2  -49.2  -41.0   1.6   0.0   1  25.8  19.5   7.3   10.2  27.8  0.36 102.0  far,crit,T1
S4@h06_g03_cut200k_sl40.png         188.4  132.5  -55.8  -48.7   1.4   0.0   1  25.1  14.8   6.5   11.1  26.8  0.34 101.4  far,crit,T1
S4@h07_g04.png                      182.6  151.1  -31.5  -25.3   2.0   0.0   1  30.9   6.3   3.9    8.9  31.4  0.26 111.2  T1,T1BC
S4@h08_g03_ap13.png                 182.2  153.0  -29.2  -23.4   2.0   0.0   1  30.7   6.9   5.3    8.8  30.8  0.25 113.5  crit,T1,T1BC
S4@h09_g03_SL6.png                  182.6  152.6  -30.0  -24.8   2.0   0.0   1  29.4   5.8   7.2    8.8  31.7  0.26 113.7  crit,T1,T1BC
S4@h10_g03.png                      184.3  151.2  -33.1  -27.5   2.0   0.0   1  30.0   5.3   6.7    8.8  34.2  0.26 111.4  far,T1,T1BC
S4@h11_base.png                     192.7  165.9  -26.7  -22.1   0.5   0.0   0  79.7   0.0  -4.5    3.9  18.4  0.09 108.2  crit,T1,T1BC,C11,C15
