frame                                 sky    far    f-s    c-s    T2   T4b  nb   T1B   T1C   C12    C11   C14   C15  mean  fails
S4@j00_base.png                     192.9  165.9  -27.0  -22.4   0.5   0.0   0  80.4   0.0  -3.5    3.9  18.4  0.09 107.9  crit,T1,T1BC,C11,C15
S4@j01_g03.png                      184.2  149.7  -34.5  -29.1   2.0   0.0   1  30.8   4.0   7.6    9.0  34.0  0.27 111.1  far,T1,T1BC
S4@j02_ap2_sap80_sl50.png           176.6  152.6  -24.0  -17.9   2.0   0.0   1  31.6  14.9   4.5    7.4  28.9  0.26 112.8  far,crit,T1
S4@j03_ap2_sap70_sl60.png           178.2  152.6  -25.6  -20.0   2.1   0.0   1  31.4  12.0   4.2    8.0  31.0  0.26 113.4  crit,T1,T1BC
S4@j04_ap25_sap70_sl60.png          175.3  155.4  -19.9  -14.8   2.0   0.0   1  31.2  16.6   2.5    7.3  28.2  0.25 115.4  far,crit,T1
S4@j05_ap2_sap60_sl70.png           179.7  150.8  -28.9  -23.8   2.1   0.0   1  26.8   3.3   5.5    9.0  30.5  0.28 113.7  crit,T1,T1BC
S4@j06_ap15_sap80_sl55.png          178.4  150.5  -28.0  -22.3   2.1   0.0   1  29.2   4.8   5.4    8.9  32.3  0.28 112.4  crit,T1,T1BC
S4@j07_ap3_sap60_sl70.png           176.5  155.8  -20.7  -15.5   2.1   0.0   1  29.8  10.2   1.8    7.7  26.8  0.23 116.1  far,crit,T1,T1BC,C15
S4@j08_ap2_sap70_sl60_an50.png      178.1  155.0  -23.1  -17.1   2.0   0.0   1  32.2  14.3   2.0    7.6  27.9  0.24 112.9  far,crit,T1,C15
S4@j09_ap25_sap60_sl70_an50.png     178.5  155.2  -23.3  -17.8   1.9   0.0   1  30.0  11.5   1.4    7.3  27.1  0.23 112.7  far,crit,T1,T1BC,C15
S4@j10_g03_sap85.png                181.2  148.4  -32.8  -26.7   2.1   0.0   1  28.4   8.6   7.4    8.9  35.1  0.28 109.9  far,T1,T1BC,C14
S4@j11_g03.png                      184.4  151.0  -33.4  -27.7   2.0   0.0   1  30.4   5.4   6.5    8.8  34.4  0.27 111.5  far,T1,T1BC
S4@j12_base.png                     192.7  165.9  -26.8  -22.2   0.5   0.0   0  79.8   0.0  -4.8    3.9  18.3  0.09 108.2  crit,T1,T1BC,C11,C15
