# P6 city life lanes: generated by tools/life/export_lanes.mjs from src/world/npc/roads.js (do not edit)
N 261 -250 -480 11 9 1
N 262 0 -480 11 9 1
N 263 250 -480 11 9 1
N 264 430 -480 11 9 1
N 268 -250 -400 11 5 1
N 269 0 -400 11 5 1
N 270 250 -400 11 5 1
N 271 430 -400 11 5 1
N 275 -250 -320 11 5 1
N 276 0 -320 11 5 1
N 277 250 -320 11 5 1
N 278 430 -320 11 5 1
N 282 -250 -240 11 5 1
N 283 0 -240 11 5 1
N 284 250 -240 11 5 1
N 285 430 -240 11 5 1
N 289 -250 -160 11 5 1
N 290 0 -160 11 5 1
N 291 250 -160 11 5 1
N 292 430 -160 11 5 1
N 296 -250 -80 11 5 1
N 297 0 -80 11 5 1
N 298 250 -80 11 5 1
N 299 430 -80 11 5 1
N 303 -250 0 11 5 1
N 304 0 0 11 5 1
N 305 250 0 11 5 1
N 306 430 0 11 5 1
N 310 -250 80 11 3.75 1
N 311 0 80 11 3.75 1
N 312 250 80 11 3.75 1
N 313 430 80 11 3.75 1
N 317 -250 160 11 5 1
N 318 0 160 11 5 1
N 319 250 160 11 5 1
N 320 430 160 11 5 1
N 324 -250 240 11 5 1
N 325 0 240 11 5 1
N 326 250 240 11 5 1
N 327 430 240 11 5 1
N 613 -164.15 -477.59 0 0 0
N 614 -83.36 -400.03 0 0 0
L 949 261 268 -251.8 -471 0 1 66 0 0 0 1 0 0
L 950 261 268 -255.4 -471 0 1 66 0 1 0 1 0 0
L 951 268 261 -248.2 -405 0 -1 66 0 0 0 1 0 0
L 952 268 261 -244.6 -405 0 -1 66 0 1 0 1 0 0
L 953 261 262 -239 -478.4 1 0 228 2 0 1 1 0 0
L 954 262 261 -11 -481.6 -1 0 228 2 0 1 1 0 0
L 955 261 262 -239 -475.1 1 0 228 2 1 1 1 0 0 2.9
L 956 262 261 -11 -484.9 -1 0 228 2 1 1 1 0 0 2.9
L 957 262 269 -1.8 -471 0 1 66 0 0 0 1 0 0
L 958 262 269 -5.4 -471 0 1 66 0 1 0 1 0 0
L 959 269 262 1.8 -405 0 -1 66 0 0 0 1 0 0
L 960 269 262 5.4 -405 0 -1 66 0 1 0 1 0 0
L 961 262 263 11 -478.4 1 0 228 2 0 1 1 0 0
L 962 263 262 239 -481.6 -1 0 228 2 0 1 1 0 0
L 963 262 263 11 -475.1 1 0 228 2 1 1 1 0 0 2.9
L 964 263 262 239 -484.9 -1 0 228 2 1 1 1 0 0 2.9
L 965 263 270 248.2 -471 0 1 66 0 0 0 1 0 0
L 966 263 270 244.6 -471 0 1 66 0 1 0 1 0 0
L 967 270 263 251.8 -405 0 -1 66 0 0 0 1 0 0
L 968 270 263 255.4 -405 0 -1 66 0 1 0 1 0 0
L 969 263 264 261 -478.4 1 0 158 2 0 1 1 0 0
L 970 264 263 419 -481.6 -1 0 158 2 0 1 1 0 0
L 971 263 264 261 -475.1 1 0 158 2 1 1 1 0 0 2.9
L 972 264 263 419 -484.9 -1 0 158 2 1 1 1 0 0 2.9
L 973 264 271 426.3 -471 0 1 66 0 0 0 1 1 0
L 974 264 271 422.9 -471 0 1 66 0 1 0 1 1 0
L 975 271 264 433.7 -405 0 -1 66 0 0 0 1 1 0
L 976 271 264 437.1 -405 0 -1 66 0 1 0 1 1 0
L 995 268 275 -251.8 -395 0 1 70 0 0 0 1 0 0
L 996 268 275 -255.4 -395 0 1 70 0 1 0 1 0 0
L 997 275 268 -248.2 -325 0 -1 70 0 0 0 1 0 0
L 998 275 268 -244.6 -325 0 -1 70 0 1 0 1 0 0
L 999 268 269 -239 -399.4 1 0 228 1 0 1 1 0 0
L 1000 269 276 -1.8 -395 0 1 70 0 0 0 1 0 0
L 1001 269 276 -5.4 -395 0 1 70 0 1 0 1 0 0
L 1002 276 269 1.8 -325 0 -1 70 0 0 0 1 0 0
L 1003 276 269 5.4 -325 0 -1 70 0 1 0 1 0 0
L 1004 269 270 11 -399.4 1 0 228 1 0 1 1 0 0
L 1005 270 277 248.2 -395 0 1 70 0 0 0 1 0 0
L 1006 270 277 244.6 -395 0 1 70 0 1 0 1 0 0
L 1007 277 270 251.8 -325 0 -1 70 0 0 0 1 0 0
L 1008 277 270 255.4 -325 0 -1 70 0 1 0 1 0 0
L 1009 270 271 261 -399.4 1 0 158 1 0 1 1 0 0
L 1010 271 278 426.3 -395 0 1 70 0 0 0 1 1 0
L 1011 271 278 422.9 -395 0 1 70 0 1 0 1 1 0
L 1012 278 271 433.7 -325 0 -1 70 0 0 0 1 1 0
L 1013 278 271 437.1 -325 0 -1 70 0 1 0 1 1 0
L 1029 275 282 -251.8 -315 0 1 70 0 0 0 1 0 0
L 1030 275 282 -255.4 -315 0 1 70 0 1 0 1 0 0
L 1031 282 275 -248.2 -245 0 -1 70 0 0 0 1 0 0
L 1032 282 275 -244.6 -245 0 -1 70 0 1 0 1 0 0
L 1033 276 275 -11 -320.6 -1 0 228 1 0 1 1 0 0
L 1034 276 283 -1.8 -315 0 1 70 0 0 0 1 0 0
L 1035 276 283 -5.4 -315 0 1 70 0 1 0 1 0 0
L 1036 283 276 1.8 -245 0 -1 70 0 0 0 1 0 0
L 1037 283 276 5.4 -245 0 -1 70 0 1 0 1 0 0
L 1038 277 276 239 -320.6 -1 0 228 1 0 1 1 0 0
L 1039 277 284 248.2 -315 0 1 70 0 0 0 1 0 0
L 1040 277 284 244.6 -315 0 1 70 0 1 0 1 0 0
L 1041 284 277 251.8 -245 0 -1 70 0 0 0 1 0 0
L 1042 284 277 255.4 -245 0 -1 70 0 1 0 1 0 0
L 1043 278 277 419 -320.6 -1 0 158 1 0 1 1 0 0
L 1044 278 285 428.2 -315 0 1 70 0 0 0 1 0 0
L 1045 278 285 424.6 -315 0 1 70 0 1 0 1 0 0
L 1046 285 278 431.8 -245 0 -1 70 0 0 0 1 0 0
L 1047 285 278 435.4 -245 0 -1 70 0 1 0 1 0 0
L 1063 282 289 -251.8 -235 0 1 70 0 0 0 1 0 0
L 1064 282 289 -255.4 -235 0 1 70 0 1 0 1 0 0
L 1065 289 282 -248.2 -165 0 -1 70 0 0 0 1 0 0
L 1066 289 282 -244.6 -165 0 -1 70 0 1 0 1 0 0
L 1067 282 283 -239 -239.4 1 0 228 1 0 1 1 0 0
L 1068 283 290 -1.8 -235 0 1 70 0 0 0 1 0 0
L 1069 283 290 -5.4 -235 0 1 70 0 1 0 1 0 0
L 1070 290 283 1.8 -165 0 -1 70 0 0 0 1 0 0
L 1071 290 283 5.4 -165 0 -1 70 0 1 0 1 0 0
L 1072 283 284 11 -239.4 1 0 228 1 0 1 1 0 0
L 1073 284 291 248.2 -235 0 1 70 0 0 0 1 0 0
L 1074 284 291 244.6 -235 0 1 70 0 1 0 1 0 0
L 1075 291 284 251.8 -165 0 -1 70 0 0 0 1 0 0
L 1076 291 284 255.4 -165 0 -1 70 0 1 0 1 0 0
L 1077 284 285 261 -239.4 1 0 158 1 0 1 1 0 0
L 1078 285 292 428.2 -235 0 1 70 0 0 0 1 0 0
L 1079 285 292 424.6 -235 0 1 70 0 1 0 1 0 0
L 1080 292 285 431.8 -165 0 -1 70 0 0 0 1 0 0
L 1081 292 285 435.4 -165 0 -1 70 0 1 0 1 0 0
L 1097 289 296 -251.8 -155 0 1 70 0 0 0 1 0 0
L 1098 289 296 -255.4 -155 0 1 70 0 1 0 1 0 0
L 1099 296 289 -248.2 -85 0 -1 70 0 0 0 1 0 0
L 1100 296 289 -244.6 -85 0 -1 70 0 1 0 1 0 0
L 1101 290 289 -11 -160.6 -1 0 228 1 0 1 1 0 0
L 1102 290 297 -1.8 -155 0 1 70 0 0 0 1 0 0
L 1103 290 297 -5.4 -155 0 1 70 0 1 0 1 0 0
L 1104 297 290 1.8 -85 0 -1 70 0 0 0 1 0 0
L 1105 297 290 5.4 -85 0 -1 70 0 1 0 1 0 0
L 1106 291 290 239 -160.6 -1 0 228 1 0 1 1 0 0
L 1107 291 298 248.2 -155 0 1 70 0 0 0 1 0 0
L 1108 291 298 244.6 -155 0 1 70 0 1 0 1 0 0
L 1109 298 291 251.8 -85 0 -1 70 0 0 0 1 0 0
L 1110 298 291 255.4 -85 0 -1 70 0 1 0 1 0 0
L 1111 292 291 419 -160.6 -1 0 158 1 0 1 1 0 0
L 1127 296 303 -251.8 -75 0 1 70 0 0 0 1 0 0
L 1128 296 303 -255.4 -75 0 1 70 0 1 0 1 0 0
L 1129 303 296 -248.2 -5 0 -1 70 0 0 0 1 0 0
L 1130 303 296 -244.6 -5 0 -1 70 0 1 0 1 0 0
L 1131 296 297 -239 -79.4 1 0 228 1 0 1 1 0 0
L 1132 297 298 11 -79.4 1 0 228 1 0 1 1 0 0
L 1133 298 305 248.2 -75 0 1 70 0 0 0 1 0 0
L 1134 298 305 244.6 -75 0 1 70 0 1 0 1 0 0
L 1135 305 298 251.8 -5 0 -1 70 0 0 0 1 0 0
L 1136 305 298 255.4 -5 0 -1 70 0 1 0 1 0 0
L 1137 298 299 261 -79.4 1 0 158 1 0 1 1 0 0
L 1138 299 306 428.2 -75 0 1 70 0 0 0 1 0 0
L 1139 299 306 424.6 -75 0 1 70 0 1 0 1 0 0
L 1140 306 299 431.8 -5 0 -1 70 0 0 0 1 0 0
L 1141 306 299 435.4 -5 0 -1 70 0 1 0 1 0 0
L 1157 303 310 -251.8 5 0 1 71.25 0 0 0 1 0 0
L 1158 303 310 -255.4 5 0 1 71.25 0 1 0 1 0 0
L 1159 310 303 -248.2 76.25 0 -1 71.25 0 0 0 1 0 0
L 1160 310 303 -244.6 76.25 0 -1 71.25 0 1 0 1 0 0
L 1161 304 303 -11 -0.6 -1 0 228 1 0 1 1 0 0
L 1162 304 311 -1.8 5 0 1 71.25 0 0 0 1 0 0
L 1163 304 311 -5.4 5 0 1 71.25 0 1 0 1 0 0
L 1164 311 304 1.8 76.25 0 -1 71.25 0 0 0 1 0 0
L 1165 311 304 5.4 76.25 0 -1 71.25 0 1 0 1 0 0
L 1166 305 304 239 -0.6 -1 0 228 1 0 1 1 0 0
L 1167 305 312 248.2 5 0 1 71.25 0 0 0 1 0 0
L 1168 305 312 244.6 5 0 1 71.25 0 1 0 1 0 0
L 1169 312 305 251.8 76.25 0 -1 71.25 0 0 0 1 0 0
L 1170 312 305 255.4 76.25 0 -1 71.25 0 1 0 1 0 0
L 1171 306 305 419 -0.6 -1 0 158 1 0 1 1 0 0
L 1172 306 313 428.2 5 0 1 71.25 0 0 0 1 0 0
L 1173 306 313 424.6 5 0 1 71.25 0 1 0 1 0 0
L 1174 313 306 431.8 76.25 0 -1 71.25 0 0 0 1 0 0
L 1175 313 306 435.4 76.25 0 -1 71.25 0 1 0 1 0 0
L 1191 310 317 -251.8 83.75 0 1 71.25 0 0 0 1 0 0
L 1192 310 317 -255.4 83.75 0 1 71.25 0 1 0 1 0 0
L 1193 317 310 -248.2 155 0 -1 71.25 0 0 0 1 0 0
L 1194 317 310 -244.6 155 0 -1 71.25 0 1 0 1 0 0
L 1195 310 311 -239 79 1 0 228 1 0 1 1 0 1 3.5
L 1196 311 318 -1.8 83.75 0 1 71.25 0 0 0 1 0 0
L 1197 311 318 -5.4 83.75 0 1 71.25 0 1 0 1 0 0
L 1198 318 311 1.8 155 0 -1 71.25 0 0 0 1 0 0
L 1199 318 311 5.4 155 0 -1 71.25 0 1 0 1 0 0
L 1200 311 312 11 79 1 0 228 1 0 1 1 0 1 3.5
L 1201 312 319 248.2 83.75 0 1 71.25 0 0 0 1 0 0
L 1202 312 319 244.6 83.75 0 1 71.25 0 1 0 1 0 0
L 1203 319 312 251.8 155 0 -1 71.25 0 0 0 1 0 0
L 1204 319 312 255.4 155 0 -1 71.25 0 1 0 1 0 0
L 1205 312 313 261 79 1 0 158 1 0 1 1 0 1 3.5
L 1206 313 320 426.3 83.75 0 1 71.25 0 0 0 1 1 0
L 1207 313 320 422.9 83.75 0 1 71.25 0 1 0 1 1 0
L 1208 320 313 433.7 155 0 -1 71.25 0 0 0 1 1 0
L 1209 320 313 437.1 155 0 -1 71.25 0 1 0 1 1 0
L 1225 317 324 -251.8 165 0 1 70 0 0 0 1 0 0
L 1226 317 324 -255.4 165 0 1 70 0 1 0 1 0 0
L 1227 324 317 -248.2 235 0 -1 70 0 0 0 1 0 0
L 1228 324 317 -244.6 235 0 -1 70 0 1 0 1 0 0
L 1229 318 317 -11 159.4 -1 0 228 1 0 1 1 0 0
L 1230 318 325 -1.8 165 0 1 70 0 0 0 1 0 0
L 1231 318 325 -5.4 165 0 1 70 0 1 0 1 0 0
L 1232 325 318 1.8 235 0 -1 70 0 0 0 1 0 0
L 1233 325 318 5.4 235 0 -1 70 0 1 0 1 0 0
L 1234 319 318 239 159.4 -1 0 228 1 0 1 1 0 0
L 1235 319 326 248.2 165 0 1 70 0 0 0 1 0 0
L 1236 319 326 244.6 165 0 1 70 0 1 0 1 0 0
L 1237 326 319 251.8 235 0 -1 70 0 0 0 1 0 0
L 1238 326 319 255.4 235 0 -1 70 0 1 0 1 0 0
L 1239 320 319 419 159.4 -1 0 158 1 0 1 1 0 0
L 1240 320 327 426.3 165 0 1 70 0 0 0 1 1 0
L 1241 320 327 422.9 165 0 1 70 0 1 0 1 1 0
L 1242 327 320 433.7 235 0 -1 70 0 0 0 1 1 0
L 1243 327 320 437.1 235 0 -1 70 0 1 0 1 1 0
L 1263 324 325 -239 240.6 1 0 228 1 0 1 1 0 0
L 1268 325 326 11 240.6 1 0 228 1 0 1 1 0 0
L 1273 326 327 261 240.6 1 0 158 1 0 1 1 0 0
L 2122 613 614 -145.29 -461.14 0.7214 0.6925 64 3 0 0 1 0 0
L 2123 613 614 -147.78 -458.54 0.7214 0.6925 64 3 1 0 1 0 0 4.5 -9.3
L 2124 614 276 -65.94 -384.96 0.7214 0.6925 62.5 3 0 1 1 0 0
L 2125 614 276 -68.43 -382.37 0.7214 0.6925 62.5 3 1 1 1 0 0 4.5 -9.3
C 0 949 995 0 10 5 -251.8 -405 -251.8 -402.5 -251.8 -400 -251.8 -397.5 -251.8 -395
C 1 949 999 1 15.54 8 -251.8 -405 -251.38 -402.97 -250.22 -401.51 -248.48 -400.51 -246.33 -399.89 -243.92 -399.56 -241.42 -399.42 -239 -399.4
C 2 950 996 0 10 5 -255.4 -405 -255.4 -402.5 -255.4 -400 -255.4 -397.5 -255.4 -395
C 3 952 955 2 7.66 5 -244.6 -471 -244.11 -472.78 -242.82 -474.07 -241.02 -474.84 -239 -475.1
C 4 953 961 0 22 10 -11 -478.4 -8.56 -478.4 -6.11 -478.4 -3.67 -478.4 -1.22 -478.4 1.22 -478.4 3.67 -478.4 6.11 -478.4 8.56 -478.4 11 -478.4
C 5 954 949 1 18.43 9 -239 -481.6 -241.41 -481.41 -243.73 -480.86 -245.9 -479.96 -247.83 -478.73 -249.46 -477.2 -250.71 -475.39 -251.52 -473.32 -251.8 -471
C 6 955 958 2 7.66 5 -11 -475.1 -8.98 -474.84 -7.18 -474.07 -5.89 -472.78 -5.4 -471
C 7 955 963 0 22 10 -11 -475.1 -8.56 -475.1 -6.11 -475.1 -3.67 -475.1 -1.22 -475.1 1.22 -475.1 3.67 -475.1 6.11 -475.1 8.56 -475.1 11 -475.1
C 8 957 1000 0 10 5 -1.8 -405 -1.8 -402.5 -1.8 -400 -1.8 -397.5 -1.8 -395
C 9 957 1004 1 15.54 8 -1.8 -405 -1.38 -402.97 -0.22 -401.51 1.52 -400.51 3.67 -399.89 6.08 -399.56 8.58 -399.42 11 -399.4
C 10 958 1001 0 10 5 -5.4 -405 -5.4 -402.5 -5.4 -400 -5.4 -397.5 -5.4 -395
C 11 959 954 1 18.43 9 1.8 -471 1.52 -473.32 0.71 -475.39 -0.54 -477.2 -2.17 -478.73 -4.1 -479.96 -6.27 -480.86 -8.59 -481.41 -11 -481.6
C 12 960 963 2 7.66 5 5.4 -471 5.89 -472.78 7.18 -474.07 8.98 -474.84 11 -475.1
C 13 961 969 0 22 10 239 -478.4 241.44 -478.4 243.89 -478.4 246.33 -478.4 248.78 -478.4 251.22 -478.4 253.67 -478.4 256.11 -478.4 258.56 -478.4 261 -478.4
C 14 962 954 0 22 10 11 -481.6 8.56 -481.6 6.11 -481.6 3.67 -481.6 1.22 -481.6 -1.22 -481.6 -3.67 -481.6 -6.11 -481.6 -8.56 -481.6 -11 -481.6
C 15 962 957 1 18.43 9 11 -481.6 8.59 -481.41 6.27 -480.86 4.1 -479.96 2.17 -478.73 0.54 -477.2 -0.71 -475.39 -1.52 -473.32 -1.8 -471
C 16 963 966 2 7.66 5 239 -475.1 241.02 -474.84 242.82 -474.07 244.11 -472.78 244.6 -471
C 17 963 971 0 22 10 239 -475.1 241.44 -475.1 243.89 -475.1 246.33 -475.1 248.78 -475.1 251.22 -475.1 253.67 -475.1 256.11 -475.1 258.56 -475.1 261 -475.1
C 18 964 956 0 22 10 11 -484.9 8.56 -484.9 6.11 -484.9 3.67 -484.9 1.22 -484.9 -1.22 -484.9 -3.67 -484.9 -6.11 -484.9 -8.56 -484.9 -11 -484.9
C 19 965 1005 0 10 5 248.2 -405 248.2 -402.5 248.2 -400 248.2 -397.5 248.2 -395
C 20 965 1009 1 15.54 8 248.2 -405 248.62 -402.97 249.78 -401.51 251.52 -400.51 253.67 -399.89 256.08 -399.56 258.58 -399.42 261 -399.4
C 21 966 1006 0 10 5 244.6 -405 244.6 -402.5 244.6 -400 244.6 -397.5 244.6 -395
C 22 967 962 1 18.43 9 251.8 -471 251.52 -473.32 250.71 -475.39 249.46 -477.2 247.83 -478.73 245.9 -479.96 243.73 -480.86 241.41 -481.41 239 -481.6
C 23 968 971 2 7.66 5 255.4 -471 255.89 -472.78 257.18 -474.07 258.98 -474.84 261 -475.1
C 24 970 962 0 22 10 261 -481.6 258.56 -481.6 256.11 -481.6 253.67 -481.6 251.22 -481.6 248.78 -481.6 246.33 -481.6 243.89 -481.6 241.44 -481.6 239 -481.6
C 25 970 965 1 18.43 9 261 -481.6 258.59 -481.41 256.27 -480.86 254.1 -479.96 252.17 -478.73 250.54 -477.2 249.29 -475.39 248.48 -473.32 248.2 -471
C 26 971 974 2 6.24 5 419 -475.1 420.54 -474.77 421.78 -473.88 422.6 -472.57 422.9 -471
C 27 972 964 0 22 10 261 -484.9 258.56 -484.9 256.11 -484.9 253.67 -484.9 251.22 -484.9 248.78 -484.9 246.33 -484.9 243.89 -484.9 241.44 -484.9 239 -484.9
C 28 973 1010 0 10 5 426.3 -405 426.3 -402.5 426.3 -400 426.3 -397.5 426.3 -395
C 29 974 1011 0 10 5 422.9 -405 422.9 -402.5 422.9 -400 422.9 -397.5 422.9 -395
C 30 975 970 1 20.12 10 433.7 -471 433.43 -473.23 432.66 -475.19 431.46 -476.89 429.9 -478.33 428.04 -479.51 425.95 -480.42 423.71 -481.08 421.37 -481.47 419 -481.6
C 31 995 1029 0 10 5 -251.8 -325 -251.8 -322.5 -251.8 -320 -251.8 -317.5 -251.8 -315
C 32 996 1030 0 10 5 -255.4 -325 -255.4 -322.5 -255.4 -320 -255.4 -317.5 -255.4 -315
C 33 997 951 0 10 5 -248.2 -395 -248.2 -397.5 -248.2 -400 -248.2 -402.5 -248.2 -405
C 34 998 952 0 10 5 -244.6 -395 -244.6 -397.5 -244.6 -400 -244.6 -402.5 -244.6 -405
C 35 998 999 2 7.86 5 -244.6 -395 -244.12 -396.86 -242.84 -398.24 -241.05 -399.1 -239 -399.4
C 36 999 959 1 15.54 8 -11 -399.4 -8.58 -399.42 -6.08 -399.56 -3.67 -399.89 -1.52 -400.51 0.22 -401.51 1.38 -402.97 1.8 -405
C 37 999 1001 2 7.86 5 -11 -399.4 -8.95 -399.1 -7.16 -398.24 -5.88 -396.86 -5.4 -395
C 38 999 1004 0 22 10 -11 -399.4 -8.56 -399.4 -6.11 -399.4 -3.67 -399.4 -1.22 -399.4 1.22 -399.4 3.67 -399.4 6.11 -399.4 8.56 -399.4 11 -399.4
C 39 1000 1034 0 10 5 -1.8 -325 -1.8 -322.5 -1.8 -320 -1.8 -317.5 -1.8 -315
C 40 1001 1033 2 7.86 5 -5.4 -325 -5.88 -323.14 -7.16 -321.76 -8.95 -320.9 -11 -320.6
C 41 1001 1035 0 10 5 -5.4 -325 -5.4 -322.5 -5.4 -320 -5.4 -317.5 -5.4 -315
C 42 1002 959 0 10 5 1.8 -395 1.8 -397.5 1.8 -400 1.8 -402.5 1.8 -405
C 43 1003 960 0 10 5 5.4 -395 5.4 -397.5 5.4 -400 5.4 -402.5 5.4 -405
C 44 1003 1004 2 7.86 5 5.4 -395 5.88 -396.86 7.16 -398.24 8.95 -399.1 11 -399.4
C 45 1004 967 1 15.54 8 239 -399.4 241.42 -399.42 243.92 -399.56 246.33 -399.89 248.48 -400.51 250.22 -401.51 251.38 -402.97 251.8 -405
C 46 1004 1006 2 7.86 5 239 -399.4 241.05 -399.1 242.84 -398.24 244.12 -396.86 244.6 -395
C 47 1004 1009 0 22 10 239 -399.4 241.44 -399.4 243.89 -399.4 246.33 -399.4 248.78 -399.4 251.22 -399.4 253.67 -399.4 256.11 -399.4 258.56 -399.4 261 -399.4
C 48 1005 1039 0 10 5 248.2 -325 248.2 -322.5 248.2 -320 248.2 -317.5 248.2 -315
C 49 1006 1038 2 7.86 5 244.6 -325 244.12 -323.14 242.84 -321.76 241.05 -320.9 239 -320.6
C 50 1006 1040 0 10 5 244.6 -325 244.6 -322.5 244.6 -320 244.6 -317.5 244.6 -315
C 51 1007 967 0 10 5 251.8 -395 251.8 -397.5 251.8 -400 251.8 -402.5 251.8 -405
C 52 1008 968 0 10 5 255.4 -395 255.4 -397.5 255.4 -400 255.4 -402.5 255.4 -405
C 53 1008 1009 2 7.86 5 255.4 -395 255.88 -396.86 257.16 -398.24 258.95 -399.1 261 -399.4
C 54 1009 975 1 17.52 9 419 -399.4 421.39 -399.39 423.89 -399.41 426.35 -399.55 428.65 -399.9 430.67 -400.53 432.27 -401.54 433.32 -403 433.7 -405
C 55 1009 1011 2 6.49 5 419 -399.4 420.58 -399.03 421.81 -398.06 422.61 -396.65 422.9 -395
C 56 1010 1044 0 10.21 6 426.3 -325 426.5 -322.98 426.97 -320.99 427.53 -319.01 428 -317.02 428.2 -315
C 57 1011 1043 2 6.49 5 422.9 -325 422.61 -323.35 421.81 -321.94 420.58 -320.97 419 -320.6
C 58 1011 1045 0 10.17 6 422.9 -325 423.08 -322.99 423.5 -320.99 424 -319.01 424.42 -317.01 424.6 -315
C 59 1012 975 0 10 5 433.7 -395 433.7 -397.5 433.7 -400 433.7 -402.5 433.7 -405
C 60 1013 976 0 10 5 437.1 -395 437.1 -397.5 437.1 -400 437.1 -402.5 437.1 -405
C 61 1029 1063 0 10 5 -251.8 -245 -251.8 -242.5 -251.8 -240 -251.8 -237.5 -251.8 -235
C 62 1029 1067 1 15.54 8 -251.8 -245 -251.38 -242.97 -250.22 -241.51 -248.48 -240.51 -246.33 -239.89 -243.92 -239.56 -241.42 -239.42 -239 -239.4
C 63 1030 1064 0 10 5 -255.4 -245 -255.4 -242.5 -255.4 -240 -255.4 -237.5 -255.4 -235
C 64 1031 997 0 10 5 -248.2 -315 -248.2 -317.5 -248.2 -320 -248.2 -322.5 -248.2 -325
C 65 1032 998 0 10 5 -244.6 -315 -244.6 -317.5 -244.6 -320 -244.6 -322.5 -244.6 -325
C 66 1033 998 2 7.86 5 -239 -320.6 -241.05 -320.9 -242.84 -321.76 -244.12 -323.14 -244.6 -325
C 67 1033 1029 1 15.54 8 -239 -320.6 -241.42 -320.58 -243.92 -320.44 -246.33 -320.11 -248.48 -319.49 -250.22 -318.49 -251.38 -317.03 -251.8 -315
C 68 1034 1068 0 10 5 -1.8 -245 -1.8 -242.5 -1.8 -240 -1.8 -237.5 -1.8 -235
C 69 1034 1072 1 15.54 8 -1.8 -245 -1.38 -242.97 -0.22 -241.51 1.52 -240.51 3.67 -239.89 6.08 -239.56 8.58 -239.42 11 -239.4
C 70 1035 1069 0 10 5 -5.4 -245 -5.4 -242.5 -5.4 -240 -5.4 -237.5 -5.4 -235
C 71 1036 1002 0 10 5 1.8 -315 1.8 -317.5 1.8 -320 1.8 -322.5 1.8 -325
C 72 1036 1033 1 15.54 8 1.8 -315 1.38 -317.03 0.22 -318.49 -1.52 -319.49 -3.67 -320.11 -6.08 -320.44 -8.58 -320.58 -11 -320.6
C 73 1037 1003 0 10 5 5.4 -315 5.4 -317.5 5.4 -320 5.4 -322.5 5.4 -325
C 74 1038 1003 2 7.86 5 11 -320.6 8.95 -320.9 7.16 -321.76 5.88 -323.14 5.4 -325
C 75 1038 1033 0 22 10 11 -320.6 8.56 -320.6 6.11 -320.6 3.67 -320.6 1.22 -320.6 -1.22 -320.6 -3.67 -320.6 -6.11 -320.6 -8.56 -320.6 -11 -320.6
C 76 1038 1034 1 15.54 8 11 -320.6 8.58 -320.58 6.08 -320.44 3.67 -320.11 1.52 -319.49 -0.22 -318.49 -1.38 -317.03 -1.8 -315
C 77 1039 1073 0 10 5 248.2 -245 248.2 -242.5 248.2 -240 248.2 -237.5 248.2 -235
C 78 1039 1077 1 15.54 8 248.2 -245 248.62 -242.97 249.78 -241.51 251.52 -240.51 253.67 -239.89 256.08 -239.56 258.58 -239.42 261 -239.4
C 79 1040 1074 0 10 5 244.6 -245 244.6 -242.5 244.6 -240 244.6 -237.5 244.6 -235
C 80 1041 1007 0 10 5 251.8 -315 251.8 -317.5 251.8 -320 251.8 -322.5 251.8 -325
C 81 1041 1038 1 15.54 8 251.8 -315 251.38 -317.03 250.22 -318.49 248.48 -319.49 246.33 -320.11 243.92 -320.44 241.42 -320.58 239 -320.6
C 82 1042 1008 0 10 5 255.4 -315 255.4 -317.5 255.4 -320 255.4 -322.5 255.4 -325
C 83 1043 1008 2 7.86 5 261 -320.6 258.95 -320.9 257.16 -321.76 255.88 -323.14 255.4 -325
C 84 1043 1038 0 22 10 261 -320.6 258.56 -320.6 256.11 -320.6 253.67 -320.6 251.22 -320.6 248.78 -320.6 246.33 -320.6 243.89 -320.6 241.44 -320.6 239 -320.6
C 85 1043 1039 1 15.54 8 261 -320.6 258.58 -320.58 256.08 -320.44 253.67 -320.11 251.52 -319.49 249.78 -318.49 248.62 -317.03 248.2 -315
C 86 1044 1078 0 10 5 428.2 -245 428.2 -242.5 428.2 -240 428.2 -237.5 428.2 -235
C 87 1045 1079 0 10 5 424.6 -245 424.6 -242.5 424.6 -240 424.6 -237.5 424.6 -235
C 88 1046 1012 0 10.21 6 431.8 -315 432 -317.02 432.47 -319.01 433.03 -320.99 433.5 -322.98 433.7 -325
C 89 1046 1043 1 15.54 8 431.8 -315 431.38 -317.03 430.22 -318.49 428.48 -319.49 426.33 -320.11 423.92 -320.44 421.42 -320.58 419 -320.6
C 90 1047 1013 0 10.17 6 435.4 -315 435.58 -317.01 436 -319.01 436.5 -320.99 436.92 -322.99 437.1 -325
C 91 1063 1097 0 10 5 -251.8 -165 -251.8 -162.5 -251.8 -160 -251.8 -157.5 -251.8 -155
C 92 1064 1098 0 10 5 -255.4 -165 -255.4 -162.5 -255.4 -160 -255.4 -157.5 -255.4 -155
C 93 1065 1031 0 10 5 -248.2 -235 -248.2 -237.5 -248.2 -240 -248.2 -242.5 -248.2 -245
C 94 1066 1032 0 10 5 -244.6 -235 -244.6 -237.5 -244.6 -240 -244.6 -242.5 -244.6 -245
C 95 1066 1067 2 7.86 5 -244.6 -235 -244.12 -236.86 -242.84 -238.24 -241.05 -239.1 -239 -239.4
C 96 1067 1036 1 15.54 8 -11 -239.4 -8.58 -239.42 -6.08 -239.56 -3.67 -239.89 -1.52 -240.51 0.22 -241.51 1.38 -242.97 1.8 -245
C 97 1067 1069 2 7.86 5 -11 -239.4 -8.95 -239.1 -7.16 -238.24 -5.88 -236.86 -5.4 -235
C 98 1067 1072 0 22 10 -11 -239.4 -8.56 -239.4 -6.11 -239.4 -3.67 -239.4 -1.22 -239.4 1.22 -239.4 3.67 -239.4 6.11 -239.4 8.56 -239.4 11 -239.4
C 99 1068 1102 0 10 5 -1.8 -165 -1.8 -162.5 -1.8 -160 -1.8 -157.5 -1.8 -155
C 100 1069 1101 2 7.86 5 -5.4 -165 -5.88 -163.14 -7.16 -161.76 -8.95 -160.9 -11 -160.6
C 101 1069 1103 0 10 5 -5.4 -165 -5.4 -162.5 -5.4 -160 -5.4 -157.5 -5.4 -155
C 102 1070 1036 0 10 5 1.8 -235 1.8 -237.5 1.8 -240 1.8 -242.5 1.8 -245
C 103 1071 1037 0 10 5 5.4 -235 5.4 -237.5 5.4 -240 5.4 -242.5 5.4 -245
C 104 1071 1072 2 7.86 5 5.4 -235 5.88 -236.86 7.16 -238.24 8.95 -239.1 11 -239.4
C 105 1072 1041 1 15.54 8 239 -239.4 241.42 -239.42 243.92 -239.56 246.33 -239.89 248.48 -240.51 250.22 -241.51 251.38 -242.97 251.8 -245
C 106 1072 1074 2 7.86 5 239 -239.4 241.05 -239.1 242.84 -238.24 244.12 -236.86 244.6 -235
C 107 1072 1077 0 22 10 239 -239.4 241.44 -239.4 243.89 -239.4 246.33 -239.4 248.78 -239.4 251.22 -239.4 253.67 -239.4 256.11 -239.4 258.56 -239.4 261 -239.4
C 108 1073 1107 0 10 5 248.2 -165 248.2 -162.5 248.2 -160 248.2 -157.5 248.2 -155
C 109 1074 1106 2 7.86 5 244.6 -165 244.12 -163.14 242.84 -161.76 241.05 -160.9 239 -160.6
C 110 1074 1108 0 10 5 244.6 -165 244.6 -162.5 244.6 -160 244.6 -157.5 244.6 -155
C 111 1075 1041 0 10 5 251.8 -235 251.8 -237.5 251.8 -240 251.8 -242.5 251.8 -245
C 112 1076 1042 0 10 5 255.4 -235 255.4 -237.5 255.4 -240 255.4 -242.5 255.4 -245
C 113 1076 1077 2 7.86 5 255.4 -235 255.88 -236.86 257.16 -238.24 258.95 -239.1 261 -239.4
C 114 1077 1046 1 15.54 8 419 -239.4 421.42 -239.42 423.92 -239.56 426.33 -239.89 428.48 -240.51 430.22 -241.51 431.38 -242.97 431.8 -245
C 115 1077 1079 2 7.86 5 419 -239.4 421.05 -239.1 422.84 -238.24 424.12 -236.86 424.6 -235
C 116 1078 1111 2 11.3 6 428.2 -165 427.63 -163.02 426.11 -161.73 423.96 -161 421.48 -160.68 419 -160.6
C 117 1079 1111 2 7.86 5 424.6 -165 424.12 -163.14 422.84 -161.76 421.05 -160.9 419 -160.6
C 118 1080 1046 0 10 5 431.8 -235 431.8 -237.5 431.8 -240 431.8 -242.5 431.8 -245
C 119 1081 1047 0 10 5 435.4 -235 435.4 -237.5 435.4 -240 435.4 -242.5 435.4 -245
C 120 1097 1127 0 10 5 -251.8 -85 -251.8 -82.5 -251.8 -80 -251.8 -77.5 -251.8 -75
C 121 1097 1131 1 15.54 8 -251.8 -85 -251.38 -82.97 -250.22 -81.51 -248.48 -80.51 -246.33 -79.89 -243.92 -79.56 -241.42 -79.42 -239 -79.4
C 122 1098 1128 0 10 5 -255.4 -85 -255.4 -82.5 -255.4 -80 -255.4 -77.5 -255.4 -75
C 123 1099 1065 0 10 5 -248.2 -155 -248.2 -157.5 -248.2 -160 -248.2 -162.5 -248.2 -165
C 124 1100 1066 0 10 5 -244.6 -155 -244.6 -157.5 -244.6 -160 -244.6 -162.5 -244.6 -165
C 125 1101 1066 2 7.86 5 -239 -160.6 -241.05 -160.9 -242.84 -161.76 -244.12 -163.14 -244.6 -165
C 126 1101 1097 1 15.54 8 -239 -160.6 -241.42 -160.58 -243.92 -160.44 -246.33 -160.11 -248.48 -159.49 -250.22 -158.49 -251.38 -157.03 -251.8 -155
C 127 1102 1132 1 15.54 8 -1.8 -85 -1.38 -82.97 -0.22 -81.51 1.52 -80.51 3.67 -79.89 6.08 -79.56 8.58 -79.42 11 -79.4
C 128 1103 1132 1 19.32 9 -5.4 -85 -4.97 -82.82 -3.79 -81.27 -1.99 -80.26 0.27 -79.67 2.84 -79.39 5.59 -79.32 8.35 -79.36 11 -79.4
C 129 1104 1070 0 10 5 1.8 -155 1.8 -157.5 1.8 -160 1.8 -162.5 1.8 -165
C 130 1104 1101 1 15.54 8 1.8 -155 1.38 -157.03 0.22 -158.49 -1.52 -159.49 -3.67 -160.11 -6.08 -160.44 -8.58 -160.58 -11 -160.6
C 131 1105 1071 0 10 5 5.4 -155 5.4 -157.5 5.4 -160 5.4 -162.5 5.4 -165
C 132 1106 1071 2 7.86 5 11 -160.6 8.95 -160.9 7.16 -161.76 5.88 -163.14 5.4 -165
C 133 1106 1101 0 22 10 11 -160.6 8.56 -160.6 6.11 -160.6 3.67 -160.6 1.22 -160.6 -1.22 -160.6 -3.67 -160.6 -6.11 -160.6 -8.56 -160.6 -11 -160.6
C 134 1106 1102 1 15.54 8 11 -160.6 8.58 -160.58 6.08 -160.44 3.67 -160.11 1.52 -159.49 -0.22 -158.49 -1.38 -157.03 -1.8 -155
C 135 1107 1133 0 10 5 248.2 -85 248.2 -82.5 248.2 -80 248.2 -77.5 248.2 -75
C 136 1107 1137 1 15.54 8 248.2 -85 248.62 -82.97 249.78 -81.51 251.52 -80.51 253.67 -79.89 256.08 -79.56 258.58 -79.42 261 -79.4
C 137 1108 1134 0 10 5 244.6 -85 244.6 -82.5 244.6 -80 244.6 -77.5 244.6 -75
C 138 1109 1075 0 10 5 251.8 -155 251.8 -157.5 251.8 -160 251.8 -162.5 251.8 -165
C 139 1109 1106 1 15.54 8 251.8 -155 251.38 -157.03 250.22 -158.49 248.48 -159.49 246.33 -160.11 243.92 -160.44 241.42 -160.58 239 -160.6
C 140 1110 1076 0 10 5 255.4 -155 255.4 -157.5 255.4 -160 255.4 -162.5 255.4 -165
C 141 1111 1076 2 7.86 5 261 -160.6 258.95 -160.9 257.16 -161.76 255.88 -163.14 255.4 -165
C 142 1111 1106 0 22 10 261 -160.6 258.56 -160.6 256.11 -160.6 253.67 -160.6 251.22 -160.6 248.78 -160.6 246.33 -160.6 243.89 -160.6 241.44 -160.6 239 -160.6
C 143 1111 1107 1 15.54 8 261 -160.6 258.58 -160.58 256.08 -160.44 253.67 -160.11 251.52 -159.49 249.78 -158.49 248.62 -157.03 248.2 -155
C 144 1127 1157 0 10 5 -251.8 -5 -251.8 -2.5 -251.8 0 -251.8 2.5 -251.8 5
C 145 1128 1158 0 10 5 -255.4 -5 -255.4 -2.5 -255.4 0 -255.4 2.5 -255.4 5
C 146 1129 1099 0 10 5 -248.2 -75 -248.2 -77.5 -248.2 -80 -248.2 -82.5 -248.2 -85
C 147 1130 1100 0 10 5 -244.6 -75 -244.6 -77.5 -244.6 -80 -244.6 -82.5 -244.6 -85
C 148 1130 1131 2 7.86 5 -244.6 -75 -244.12 -76.86 -242.84 -78.24 -241.05 -79.1 -239 -79.4
C 149 1131 1104 1 15.54 8 -11 -79.4 -8.58 -79.42 -6.08 -79.56 -3.67 -79.89 -1.52 -80.51 0.22 -81.51 1.38 -82.97 1.8 -85
C 150 1131 1132 0 22 10 -11 -79.4 -8.56 -79.4 -6.11 -79.4 -3.67 -79.4 -1.22 -79.4 1.22 -79.4 3.67 -79.4 6.11 -79.4 8.56 -79.4 11 -79.4
C 151 1132 1109 1 15.54 8 239 -79.4 241.42 -79.42 243.92 -79.56 246.33 -79.89 248.48 -80.51 250.22 -81.51 251.38 -82.97 251.8 -85
C 152 1132 1134 2 7.86 5 239 -79.4 241.05 -79.1 242.84 -78.24 244.12 -76.86 244.6 -75
C 153 1132 1137 0 22 10 239 -79.4 241.44 -79.4 243.89 -79.4 246.33 -79.4 248.78 -79.4 251.22 -79.4 253.67 -79.4 256.11 -79.4 258.56 -79.4 261 -79.4
C 154 1133 1167 0 10 5 248.2 -5 248.2 -2.5 248.2 0 248.2 2.5 248.2 5
C 155 1134 1166 2 7.86 5 244.6 -5 244.12 -3.14 242.84 -1.76 241.05 -0.9 239 -0.6
C 156 1134 1168 0 10 5 244.6 -5 244.6 -2.5 244.6 0 244.6 2.5 244.6 5
C 157 1135 1109 0 10 5 251.8 -75 251.8 -77.5 251.8 -80 251.8 -82.5 251.8 -85
C 158 1136 1110 0 10 5 255.4 -75 255.4 -77.5 255.4 -80 255.4 -82.5 255.4 -85
C 159 1136 1137 2 7.86 5 255.4 -75 255.88 -76.86 257.16 -78.24 258.95 -79.1 261 -79.4
C 160 1137 1139 2 7.86 5 419 -79.4 421.05 -79.1 422.84 -78.24 424.12 -76.86 424.6 -75
C 161 1138 1172 0 10 5 428.2 -5 428.2 -2.5 428.2 0 428.2 2.5 428.2 5
C 162 1139 1171 2 7.86 5 424.6 -5 424.12 -3.14 422.84 -1.76 421.05 -0.9 419 -0.6
C 163 1139 1173 0 10 5 424.6 -5 424.6 -2.5 424.6 0 424.6 2.5 424.6 5
C 164 1157 1191 0 7.5 5 -251.8 76.25 -251.8 78.13 -251.8 80 -251.8 81.88 -251.8 83.75
C 165 1157 1195 1 14.6 7 -251.8 76.25 -251.21 78.23 -249.62 79.23 -247.31 79.54 -244.59 79.42 -241.72 79.15 -239 79
C 166 1158 1192 0 7.5 5 -255.4 76.25 -255.4 78.13 -255.4 80 -255.4 81.88 -255.4 83.75
C 167 1159 1129 0 10 5 -248.2 5 -248.2 2.5 -248.2 0 -248.2 -2.5 -248.2 -5
C 168 1160 1130 0 10 5 -244.6 5 -244.6 2.5 -244.6 0 -244.6 -2.5 -244.6 -5
C 169 1161 1130 2 7.86 5 -239 -0.6 -241.05 -0.9 -242.84 -1.76 -244.12 -3.14 -244.6 -5
C 170 1161 1157 1 15.54 8 -239 -0.6 -241.42 -0.58 -243.92 -0.44 -246.33 -0.11 -248.48 0.51 -250.22 1.51 -251.38 2.97 -251.8 5
C 171 1162 1196 0 7.5 5 -1.8 76.25 -1.8 78.13 -1.8 80 -1.8 81.88 -1.8 83.75
C 172 1162 1200 1 14.6 7 -1.8 76.25 -1.21 78.23 0.38 79.23 2.69 79.54 5.41 79.42 8.28 79.15 11 79
C 173 1163 1197 0 7.5 5 -5.4 76.25 -5.4 78.13 -5.4 80 -5.4 81.88 -5.4 83.75
C 174 1164 1161 1 15.54 8 1.8 5 1.38 2.97 0.22 1.51 -1.52 0.51 -3.67 -0.11 -6.08 -0.44 -8.58 -0.58 -11 -0.6
C 175 1165 1161 1 19.32 9 5.4 5 4.97 2.82 3.79 1.27 1.99 0.26 -0.27 -0.33 -2.84 -0.61 -5.59 -0.68 -8.35 -0.64 -11 -0.6
C 176 1166 1161 0 22 10 11 -0.6 8.56 -0.6 6.11 -0.6 3.67 -0.6 1.22 -0.6 -1.22 -0.6 -3.67 -0.6 -6.11 -0.6 -8.56 -0.6 -11 -0.6
C 177 1166 1162 1 15.54 8 11 -0.6 8.58 -0.58 6.08 -0.44 3.67 -0.11 1.52 0.51 -0.22 1.51 -1.38 2.97 -1.8 5
C 178 1167 1201 0 7.5 5 248.2 76.25 248.2 78.13 248.2 80 248.2 81.88 248.2 83.75
C 179 1167 1205 1 14.6 7 248.2 76.25 248.79 78.23 250.38 79.23 252.69 79.54 255.41 79.42 258.28 79.15 261 79
C 180 1168 1202 0 7.5 5 244.6 76.25 244.6 78.13 244.6 80 244.6 81.88 244.6 83.75
C 181 1169 1135 0 10 5 251.8 5 251.8 2.5 251.8 0 251.8 -2.5 251.8 -5
C 182 1169 1166 1 15.54 8 251.8 5 251.38 2.97 250.22 1.51 248.48 0.51 246.33 -0.11 243.92 -0.44 241.42 -0.58 239 -0.6
C 183 1170 1136 0 10 5 255.4 5 255.4 2.5 255.4 0 255.4 -2.5 255.4 -5
C 184 1171 1136 2 7.86 5 261 -0.6 258.95 -0.9 257.16 -1.76 255.88 -3.14 255.4 -5
C 185 1171 1166 0 22 10 261 -0.6 258.56 -0.6 256.11 -0.6 253.67 -0.6 251.22 -0.6 248.78 -0.6 246.33 -0.6 243.89 -0.6 241.44 -0.6 239 -0.6
C 186 1171 1167 1 15.54 8 261 -0.6 258.58 -0.58 256.08 -0.44 253.67 -0.11 251.52 0.51 249.78 1.51 248.62 2.97 248.2 5
C 187 1172 1206 0 7.77 5 428.2 76.25 427.9 78.15 427.25 80 426.6 81.85 426.3 83.75
C 188 1173 1207 0 7.72 5 424.6 76.25 424.33 78.14 423.75 80 423.17 81.86 422.9 83.75
C 189 1174 1140 0 10 5 431.8 5 431.8 2.5 431.8 0 431.8 -2.5 431.8 -5
C 190 1174 1171 1 15.54 8 431.8 5 431.38 2.97 430.22 1.51 428.48 0.51 426.33 -0.11 423.92 -0.44 421.42 -0.58 419 -0.6
C 191 1175 1141 0 10 5 435.4 5 435.4 2.5 435.4 0 435.4 -2.5 435.4 -5
C 192 1191 1225 0 10 5 -251.8 155 -251.8 157.5 -251.8 160 -251.8 162.5 -251.8 165
C 193 1192 1226 0 10 5 -255.4 155 -255.4 157.5 -255.4 160 -255.4 162.5 -255.4 165
C 194 1193 1159 0 7.5 5 -248.2 83.75 -248.2 81.88 -248.2 80 -248.2 78.13 -248.2 76.25
C 195 1194 1160 0 7.5 5 -244.6 83.75 -244.6 81.88 -244.6 80 -244.6 78.13 -244.6 76.25
C 196 1194 1195 2 8.1 5 -244.6 83.75 -244.13 81.8 -242.87 80.3 -241.08 79.34 -239 79
C 197 1195 1164 1 14.6 7 -11 79 -8.28 79.15 -5.41 79.42 -2.69 79.54 -0.38 79.23 1.21 78.23 1.8 76.25
C 198 1195 1197 2 8.1 5 -11 79 -8.92 79.34 -7.13 80.3 -5.87 81.8 -5.4 83.75
C 199 1195 1200 0 22 10 -11 79 -8.56 79 -6.11 79 -3.67 79 -1.22 79 1.22 79 3.67 79 6.11 79 8.56 79 11 79
C 200 1196 1230 0 10 5 -1.8 155 -1.8 157.5 -1.8 160 -1.8 162.5 -1.8 165
C 201 1197 1229 2 7.86 5 -5.4 155 -5.88 156.86 -7.16 158.24 -8.95 159.1 -11 159.4
C 202 1197 1231 0 10 5 -5.4 155 -5.4 157.5 -5.4 160 -5.4 162.5 -5.4 165
C 203 1198 1164 0 7.5 5 1.8 83.75 1.8 81.88 1.8 80 1.8 78.13 1.8 76.25
C 204 1199 1165 0 7.5 5 5.4 83.75 5.4 81.88 5.4 80 5.4 78.13 5.4 76.25
C 205 1199 1200 2 8.1 5 5.4 83.75 5.87 81.8 7.13 80.3 8.92 79.34 11 79
C 206 1200 1169 1 14.6 7 239 79 241.72 79.15 244.59 79.42 247.31 79.54 249.62 79.23 251.21 78.23 251.8 76.25
C 207 1200 1202 2 8.1 5 239 79 241.08 79.34 242.87 80.3 244.13 81.8 244.6 83.75
C 208 1200 1205 0 22 10 239 79 241.44 79 243.89 79 246.33 79 248.78 79 251.22 79 253.67 79 256.11 79 258.56 79 261 79
C 209 1201 1235 0 10 5 248.2 155 248.2 157.5 248.2 160 248.2 162.5 248.2 165
C 210 1202 1234 2 7.86 5 244.6 155 244.12 156.86 242.84 158.24 241.05 159.1 239 159.4
C 211 1202 1236 0 10 5 244.6 155 244.6 157.5 244.6 160 244.6 162.5 244.6 165
C 212 1203 1169 0 7.5 5 251.8 83.75 251.8 81.88 251.8 80 251.8 78.13 251.8 76.25
C 213 1204 1170 0 7.5 5 255.4 83.75 255.4 81.88 255.4 80 255.4 78.13 255.4 76.25
C 214 1204 1205 2 8.1 5 255.4 83.75 255.87 81.8 257.13 80.3 258.92 79.34 261 79
C 215 1205 1174 1 14.6 7 419 79 421.72 79.15 424.59 79.42 427.31 79.54 429.62 79.23 431.21 78.23 431.8 76.25
C 216 1205 1207 2 6.78 5 419 79 420.62 79.41 421.85 80.48 422.63 82 422.9 83.75
C 217 1206 1240 0 10 5 426.3 155 426.3 157.5 426.3 160 426.3 162.5 426.3 165
C 218 1207 1239 2 6.49 5 422.9 155 422.61 156.65 421.81 158.06 420.58 159.03 419 159.4
C 219 1207 1241 0 10 5 422.9 155 422.9 157.5 422.9 160 422.9 162.5 422.9 165
C 220 1208 1174 0 7.77 5 433.7 83.75 433.4 81.85 432.75 80 432.1 78.15 431.8 76.25
C 221 1209 1175 0 7.72 5 437.1 83.75 436.83 81.86 436.25 80 435.67 78.14 435.4 76.25
C 222 1225 1263 1 15.54 8 -251.8 235 -251.38 237.03 -250.22 238.49 -248.48 239.49 -246.33 240.11 -243.92 240.44 -241.42 240.58 -239 240.6
C 223 1227 1193 0 10 5 -248.2 165 -248.2 162.5 -248.2 160 -248.2 157.5 -248.2 155
C 224 1228 1194 0 10 5 -244.6 165 -244.6 162.5 -244.6 160 -244.6 157.5 -244.6 155
C 225 1229 1194 2 7.86 5 -239 159.4 -241.05 159.1 -242.84 158.24 -244.12 156.86 -244.6 155
C 226 1229 1225 1 15.54 8 -239 159.4 -241.42 159.42 -243.92 159.56 -246.33 159.89 -248.48 160.51 -250.22 161.51 -251.38 162.97 -251.8 165
C 227 1230 1268 1 15.54 8 -1.8 235 -1.38 237.03 -0.22 238.49 1.52 239.49 3.67 240.11 6.08 240.44 8.58 240.58 11 240.6
C 228 1232 1198 0 10 5 1.8 165 1.8 162.5 1.8 160 1.8 157.5 1.8 155
C 229 1232 1229 1 15.54 8 1.8 165 1.38 162.97 0.22 161.51 -1.52 160.51 -3.67 159.89 -6.08 159.56 -8.58 159.42 -11 159.4
C 230 1233 1199 0 10 5 5.4 165 5.4 162.5 5.4 160 5.4 157.5 5.4 155
C 231 1234 1199 2 7.86 5 11 159.4 8.95 159.1 7.16 158.24 5.88 156.86 5.4 155
C 232 1234 1229 0 22 10 11 159.4 8.56 159.4 6.11 159.4 3.67 159.4 1.22 159.4 -1.22 159.4 -3.67 159.4 -6.11 159.4 -8.56 159.4 -11 159.4
C 233 1234 1230 1 15.54 8 11 159.4 8.58 159.42 6.08 159.56 3.67 159.89 1.52 160.51 -0.22 161.51 -1.38 162.97 -1.8 165
C 234 1235 1273 1 15.54 8 248.2 235 248.62 237.03 249.78 238.49 251.52 239.49 253.67 240.11 256.08 240.44 258.58 240.58 261 240.6
C 235 1237 1203 0 10 5 251.8 165 251.8 162.5 251.8 160 251.8 157.5 251.8 155
C 236 1237 1234 1 15.54 8 251.8 165 251.38 162.97 250.22 161.51 248.48 160.51 246.33 159.89 243.92 159.56 241.42 159.42 239 159.4
C 237 1238 1204 0 10 5 255.4 165 255.4 162.5 255.4 160 255.4 157.5 255.4 155
C 238 1239 1204 2 7.86 5 261 159.4 258.95 159.1 257.16 158.24 255.88 156.86 255.4 155
C 239 1239 1234 0 22 10 261 159.4 258.56 159.4 256.11 159.4 253.67 159.4 251.22 159.4 248.78 159.4 246.33 159.4 243.89 159.4 241.44 159.4 239 159.4
C 240 1239 1235 1 15.54 8 261 159.4 258.58 159.42 256.08 159.56 253.67 159.89 251.52 160.51 249.78 161.51 248.62 162.97 248.2 165
C 241 1242 1208 0 10 5 433.7 165 433.7 162.5 433.7 160 433.7 157.5 433.7 155
C 242 1242 1239 1 17.52 9 433.7 165 433.32 163 432.27 161.54 430.67 160.53 428.65 159.9 426.35 159.55 423.89 159.41 421.39 159.39 419 159.4
C 243 1243 1209 0 10 5 437.1 165 437.1 162.5 437.1 160 437.1 157.5 437.1 155
C 244 1263 1232 1 15.54 8 -11 240.6 -8.58 240.58 -6.08 240.44 -3.67 240.11 -1.52 239.49 0.22 238.49 1.38 237.03 1.8 235
C 245 1263 1268 0 22 10 -11 240.6 -8.56 240.6 -6.11 240.6 -3.67 240.6 -1.22 240.6 1.22 240.6 3.67 240.6 6.11 240.6 8.56 240.6 11 240.6
C 246 1268 1237 1 15.54 8 239 240.6 241.42 240.58 243.92 240.44 246.33 240.11 248.48 239.49 250.22 238.49 251.38 237.03 251.8 235
C 247 1268 1273 0 22 10 239 240.6 241.44 240.6 243.89 240.6 246.33 240.6 248.78 240.6 251.22 240.6 253.67 240.6 256.11 240.6 258.56 240.6 261 240.6
C 248 1273 1242 1 17.52 9 419 240.6 421.39 240.61 423.89 240.59 426.35 240.45 428.65 240.1 430.67 239.47 432.27 238.46 433.32 237 433.7 235
C 249 2122 2124 0 46 20 -99.12 -416.82 -97.37 -415.14 -95.63 -413.47 -93.88 -411.79 -92.13 -410.11 -90.39 -408.44 -88.64 -406.76 -86.89 -405.08 -85.15 -403.41 -83.4 -401.73 -81.66 -400.05 -79.91 -398.38 -78.16 -396.7 -76.42 -395.02 -74.67 -393.35 -72.92 -391.67 -71.18 -389.99 -69.43 -388.32 -67.68 -386.64 -65.94 -384.96
C 250 2123 2125 0 46 20 -101.61 -414.22 -99.87 -412.55 -98.12 -410.87 -96.37 -409.19 -94.63 -407.52 -92.88 -405.84 -91.13 -404.16 -89.39 -402.49 -87.64 -400.81 -85.89 -399.13 -84.15 -397.46 -82.4 -395.78 -80.66 -394.1 -78.91 -392.43 -77.16 -390.75 -75.42 -389.07 -73.67 -387.4 -71.92 -385.72 -70.18 -384.04 -68.43 -382.37
C 251 2124 1034 0 33.74 15 -20.85 -341.68 -19.12 -340.05 -17.31 -338.39 -15.47 -336.71 -13.63 -334.99 -11.81 -333.24 -10.04 -331.44 -8.37 -329.6 -6.82 -327.71 -5.41 -325.76 -4.2 -323.74 -3.2 -321.67 -2.44 -319.52 -1.97 -317.3 -1.8 -315
C 252 2125 1035 0 30.93 14 -23.34 -339.08 -21.62 -337.48 -19.81 -335.86 -17.96 -334.22 -16.1 -332.55 -14.27 -330.84 -12.51 -329.09 -10.85 -327.29 -9.35 -325.43 -8.03 -323.5 -6.94 -321.5 -6.11 -319.43 -5.58 -317.26 -5.4 -315
X 1 33 34 35
X 33 1
X 34 1
X 35 1
X 4 11 15
X 7 11 12 15
X 11 4 7 14 15
X 12 7
X 14 11
X 15 4 7 11
X 8 36 38
X 9 36 38 42 43 44
X 10 36 37 38
X 36 8 9 10 42
X 37 10
X 38 8 9 10 42 43 44
X 42 9 36 38
X 43 9 38
X 44 9 38
X 13 22 25
X 17 22 23 25
X 22 13 17 24 25
X 23 17
X 24 22
X 25 13 17 22
X 19 45 47
X 20 45 47 51 52 53
X 21 45 46 47
X 45 19 20 21 51
X 46 21
X 47 19 20 21 51 52 53
X 51 20 45 47
X 52 20 47
X 53 20 47
X 28 54
X 29 54 55
X 54 28 29 59
X 55 29
X 59 54
X 31 67
X 64 67
X 65 66 67
X 66 65
X 67 31 64 65
X 39 72 75 76 251
X 40 72 75 251 252
X 41 72 75 251 252
X 71 75 76
X 72 39 40 41 75 76 251 252
X 73 74 75 76
X 74 73
X 75 39 40 41 71 72 73 251 252
X 76 39 71 72 73 251
X 251 39 40 41 72 75 76
X 252 40 41 72 75
X 48 81 84 85
X 49 81 84
X 50 81 84
X 80 84 85
X 81 48 49 50 84 85
X 82 83 84 85
X 83 82
X 84 48 49 50 80 81 82
X 85 48 80 81 82
X 56 89
X 57 89
X 58 89
X 89 56 57 58
X 62 93 94 95
X 93 62
X 94 62
X 95 62
X 68 96 98
X 69 96 98 102 103 104
X 70 96 97 98
X 96 68 69 70 102
X 97 70
X 98 68 69 70 102 103 104
X 102 69 96 98
X 103 69 98
X 104 69 98
X 77 105 107
X 78 105 107 111 112 113
X 79 105 106 107
X 105 77 78 79 111
X 106 79
X 107 77 78 79 111 112 113
X 111 78 105 107
X 112 78 107
X 113 78 107
X 86 114
X 87 114 115
X 114 86 87 118
X 115 87
X 118 114
X 91 126
X 123 126
X 124 125 126
X 125 124
X 126 91 123 124
X 99 130 133 134
X 100 130 133
X 101 130 133
X 129 133 134
X 130 99 100 101 133 134
X 131 132 133 134
X 132 131
X 133 99 100 101 129 130 131
X 134 99 129 130 131
X 108 139 142 143
X 109 139 142
X 110 139 142
X 138 142 143
X 139 108 109 110 142 143
X 140 141 142 143
X 141 140
X 142 108 109 110 138 139 140
X 143 108 138 139 140
X 116 117
X 117 116
X 121 146 147 148
X 146 121
X 147 121
X 148 121
X 127 128 149 150
X 128 127 149 150
X 149 127 128
X 150 127 128
X 135 151 153
X 136 151 153 157 158 159
X 137 151 152 153
X 151 135 136 137 157
X 152 137
X 153 135 136 137 157 158 159
X 157 136 151 153
X 158 136 153
X 159 136 153
X 144 170
X 167 170
X 168 169 170
X 169 168
X 170 144 167 168
X 154 182 185 186
X 155 182 185
X 156 182 185
X 181 185 186
X 182 154 155 156 185 186
X 183 184 185 186
X 184 183
X 185 154 155 156 181 182 183
X 186 154 181 182 183
X 161 190
X 162 190
X 163 190
X 190 161 162 163
X 165 194 195 196
X 194 165
X 195 165
X 196 165
X 171 197 199
X 172 197 199 203 204 205
X 173 197 198 199
X 197 171 172 173 203
X 198 173
X 199 171 172 173 203 204 205
X 203 172 197 199
X 204 172 199
X 205 172 199
X 174 175 176 177
X 175 174 176 177
X 176 174 175
X 177 174 175
X 178 206 208
X 179 206 208 212 213 214
X 180 206 207 208
X 206 178 179 180 212
X 207 180
X 208 178 179 180 212 213 214
X 212 179 206 208
X 213 179 208
X 214 179 208
X 187 215
X 188 215 216
X 215 187 188 220
X 216 188
X 220 215
X 192 226
X 223 226
X 224 225 226
X 225 224
X 226 192 223 224
X 200 229 232 233
X 201 229 232
X 202 229 232
X 228 232 233
X 229 200 201 202 232 233
X 230 231 232 233
X 231 230
X 232 200 201 202 228 229 230
X 233 200 228 229 230
X 209 236 239 240
X 210 236 239
X 211 236 239
X 235 239 240
X 236 209 210 211 239 240
X 237 238 239 240
X 238 237
X 239 209 210 211 235 236 237
X 240 209 235 236 237
X 217 242
X 218 242
X 219 242
X 242 217 218 219
X 227 244 245
X 244 227
X 245 227
X 234 246 247
X 246 234
X 247 234
