# P6 city life parked cars: generated by tools/life/export_lanes.mjs (do not edit)  columns: type x z yawDeg r g b flags
13 -241.2 -451.26 -89 0.7818 0.7818 0.7519 0
2 -240.75 -425.8 -89.1 0.9158 0.4045 0 0
4 -240.87 -433.95 -89 0.148 0.2428 0.3587 0
12 -183.75 -472.65 0.2 0.68 0.68 0.6524 1
7 -228.13 -472.26 -0.5 0.0017 0.0017 0.002 0
4 -221.77 -472.2 1.1 0.1011 0.0029 0.0046 0
5 -207.89 -472.21 0.7 0.0119 0.0385 0.1247 0
8 -199.79 -472.17 0.7 0.001 0.001 0.0012 0
4 -193.88 -472.11 -0.6 0.2758 0.2932 0.3112 0
7 -136.11 -472.15 0 0.0546 0.06 0.0677 0
9 -128.42 -472.11 -0.1 0.0017 0.0017 0.0023 0
5 -105.65 -472.21 -0.9 0.0041 0.0041 0.005 0
4 -98.8 -472.13 -1 0.0072 0.0189 0.0658 0
8 -85.06 -472.19 0.7 0.001 0.001 0.0012 0
6 -77.62 -472.14 0.2 0.1011 0.0029 0.0046 0
4 -63.2 -472.24 -1.1 0.0189 0.022 0.029 0
8 -55 -472.21 0.5 0.3392 0.3537 0.3736 0
7 -47.67 -472.29 0.8 0.6941 0.6941 0.6661 0
9 -39.57 -472.17 -0.8 0.0014 0.0023 0.0037 0
6 -25.08 -472.16 0.2 0.021 0.043 0.0231 0
2 -152.43 -487.45 179.6 0.9158 0.4045 0 1
13 -217.52 -487.55 178.9 0.7818 0.7818 0.7519 0
6 -24.76 -487.71 180.1 0.0029 0.0033 0.0041 0
4 -31.41 -487.86 179.9 0.021 0.043 0.0231 0
4 -39.2 -487.84 180.5 0.7969 0.7742 0.7083 0
12 -46.64 -487.78 179.7 0.632 0.6121 0.5605 0
4 -57.29 -487.79 180.5 0.482 0.4936 0.5054 0
2 -72.44 -487.75 180.4 0.9158 0.4045 0 0
9 -79.13 -487.7 180.9 0.001 0.001 0.0012 0
4 -85.62 -487.73 180.5 0.4591 0.4045 0.2801 0
6 -99.5 -487.87 180.5 0.0017 0.0017 0.0023 0
6 -107.69 -487.72 179.2 0.2047 0.259 0.2801 0
1 -115.98 -487.71 179.4 0.9158 0.4045 0 0
7 -123.71 -487.7 180.9 0.1542 0.1636 0.1768 0
5 -131.05 -487.83 180.1 0.0546 0.0915 0.0461 0
5 -143.94 -487.84 179.2 0.1011 0.0029 0.0046 0
7 -9.1 -461.57 89.3 0.7969 0.7742 0.7083 0
1 -9.16 -455.13 89.3 0.9158 0.4045 0 0
4 -9.24 -446.89 89.6 0.2047 0.259 0.2801 0
8 -9.29 -440.93 89.4 0.4591 0.4045 0.2801 0
5 -9.12 -433.99 89.3 0.148 0.2428 0.3587 0
7 -9.12 -427.75 91 0.0189 0.022 0.029 0
3 125.4 -472.55 0.1 0.9158 0.4045 0 1
1 27.42 -472.16 -0.8 0.9158 0.4045 0 0
7 35.31 -472.14 -0.5 0.0017 0.0017 0.002 0
5 41.26 -472.12 -0.4 0.0189 0.022 0.029 0
10 48.96 -472.13 -0.2 0.3392 0.3537 0.3736 0
12 59.17 -472.17 0.3 0.632 0.6121 0.5605 0
11 77.91 -472.16 -0.9 0.632 0.6121 0.5605 0
11 93.28 -472.16 -0.1 0.68 0.68 0.6524 0
7 100.75 -472.22 -0.9 0.148 0.2428 0.3587 0
8 115.16 -472.24 -0.6 0.3345 0.2801 0.1801 0
6 143.77 -472.29 0.5 0.3345 0.2801 0.1801 0
9 158.09 -472.26 -0.3 0.0029 0.0033 0.0041 0
4 171.47 -472.12 -0.4 0.2047 0.259 0.2801 0
5 184.69 -472.26 0.4 0.0546 0.0915 0.0461 0
8 191.56 -472.18 0.4 0.0017 0.0017 0.0023 0
5 198.89 -472.27 -0.2 0.0072 0.0078 0.0097 0
6 206.01 -472.11 0.6 0.2047 0.259 0.2801 0
5 221.17 -472.29 -0.6 0.0546 0.0915 0.0461 0
2 118.44 -487.45 181.2 0.9158 0.4045 0 1
9 219.03 -487.86 180.9 0.0029 0.0033 0.0041 0
8 211 -487.71 180.6 0.021 0.043 0.0231 0
8 195.65 -487.78 180.5 0.1011 0.0029 0.0046 0
5 189.55 -487.78 179.2 0.0041 0.0041 0.005 0
2 181.89 -487.77 180.2 0.9158 0.4045 0 0
5 175.38 -487.76 179.7 0.0072 0.0189 0.0658 0
4 160.44 -487.73 181.1 0.632 0.632 0.5989 0
5 152.14 -487.74 180.5 0.0041 0.0041 0.005 0
5 131.55 -487.72 181.1 0.0017 0.0017 0.002 0
8 125.42 -487.81 180.3 0.0546 0.06 0.0677 0
4 110.73 -487.77 179.4 0.1542 0.1636 0.1768 0
4 104.64 -487.72 180.6 0.6941 0.6941 0.6661 0
9 97.77 -487.78 179.8 0.001 0.001 0.0012 0
11 81.16 -487.75 180.8 0.68 0.68 0.6524 0
10 72.63 -487.74 179 0.0023 0.0037 0.0055 0
6 64.25 -487.86 179.5 0.0017 0.0017 0.0023 0
4 58.37 -487.78 180.7 0.0072 0.0078 0.0097 0
2 51.93 -487.89 180.6 0.9158 0.4045 0 0
11 37.55 -487.87 179.8 0.7012 0.687 0.6388 0
7 29.1 -487.82 180.1 0.1011 0.0029 0.0046 0
5 240.86 -461.7 90.3 0.259 0.0097 0.0097 0
5 240.84 -455.06 88.9 0.2758 0.2932 0.3112 0
3 240.71 -448.33 90.3 0.9158 0.4045 0 0
12 240.74 -439.1 90.1 0.5924 0.5924 0.5795 0
9 240.86 -429.39 90.7 0.0014 0.0023 0.0037 0
9 240.73 -423.35 90 0.001 0.001 0.0012 0
13 258.8 -450.61 -90 0.7818 0.7818 0.7519 0
9 259.28 -422.67 -89 0.0029 0.0033 0.0041 0
3 259.24 -438.1 -90.9 0.9158 0.4045 0 0
12 390.26 -472.65 0.9 0.68 0.68 0.6524 1
3 380.77 -472.55 0.4 0.9158 0.4045 0 1
7 279.43 -472.18 1.1 0.0546 0.06 0.0677 0
7 295.25 -472.29 1.1 0.0072 0.0189 0.0658 0
0 308.69 -472.11 0 0.9158 0.4045 0 0
5 316.34 -472.2 -0.3 0.0041 0.0041 0.005 0
9 328.62 -472.25 1 0.0189 0.022 0.029 0
9 342.65 -472.26 -0.3 0.0017 0.0017 0.0023 0
10 370.62 -472.28 -0.1 0.0546 0.0915 0.0461 0
12 398.95 -472.12 1.1 0.632 0.6121 0.5605 0
2 375.16 -487.45 180.6 0.9158 0.4045 0 1
7 408.09 -487.79 179.5 0.1011 0.0029 0.0046 0
8 400.16 -487.7 179 0.148 0.2428 0.3587 0
4 394.4 -487.72 179.5 0.482 0.4936 0.5054 0
8 388.07 -487.83 179.9 0.0017 0.0017 0.0023 0
3 381.97 -487.85 180.2 0.9158 0.4045 0 0
5 367.46 -487.7 180.4 0.4591 0.4045 0.2801 0
6 360.93 -487.88 179.1 0.021 0.043 0.0231 0
9 353.21 -487.73 181.1 0.0029 0.0033 0.0041 0
8 346.51 -487.76 180.9 0.1573 0.0066 0.0066 0
9 317.89 -487.81 179.5 0.2047 0.259 0.2801 0
6 310.6 -487.83 180 0.4591 0.4045 0.2801 0
1 302.98 -487.72 180.9 0.9158 0.4045 0 0
6 294.93 -487.82 178.9 0.0546 0.0915 0.0461 0
9 287.68 -487.88 180.2 0.0399 0.0546 0.0781 0
2 273.98 -487.71 179.7 0.9158 0.4045 0 0
1 -241.15 -352.23 -89.8 0.9158 0.4045 0 1
5 -240.83 -337.1 -90.7 0.0041 0.0041 0.005 0
7 -240.72 -344.11 -90.8 0.2047 0.259 0.2801 0
11 -240.78 -359.64 -89.7 0.7012 0.687 0.6388 0
4 -240.88 -366.46 -90.9 0.0546 0.0915 0.0461 0
5 -240.84 -373.73 -90.3 0.7969 0.7742 0.7083 0
4 -240.75 -381.4 -90.4 0.148 0.2428 0.3587 0
12 -176.24 -396.95 -1.2 0.632 0.6121 0.5605 1
4 -225.93 -396.15 0.5 0.0119 0.0385 0.1247 0
8 -218.56 -396.12 -0.2 0.0029 0.0033 0.0041 0
2 -210.53 -396.19 -0.4 0.9158 0.4045 0 0
4 -203.37 -396.01 1 0.4045 0.4259 0.4479 0
6 -197.37 -396.11 0.9 0.0189 0.022 0.029 0
9 -190.48 -396.01 0.9 0.0014 0.0023 0.0037 0
4 -162.75 -396.06 0.1 0.2758 0.2932 0.3112 0
7 -156.38 -396.08 0.3 0.0399 0.0546 0.0781 0
8 -141.65 -396.17 -0.1 0.001 0.001 0.0012 0
5 -135.32 -396.1 -0.4 0.1542 0.1636 0.1768 0
4 -120.66 -396.17 -0.8 0.3345 0.2801 0.1801 0
7 -114.62 -396.14 0.8 0.0023 0.0037 0.0055 0
10 -106.51 -396 -0.2 0.2047 0.259 0.2801 0
4 -53.99 -396.17 0.6 0.2047 0.259 0.2801 0
4 -46.54 -396.04 -1 0.0658 0.0385 0.021 0
9 -40.38 -396.15 0.2 0.021 0.043 0.0231 0
5 -33.53 -396.09 0.9 0.2758 0.2932 0.3112 0
2 -117.02 -403.55 -0.9 0.9158 0.4045 0 1
0 -220.16 -403.9 0.7 0.9158 0.4045 0 0
4 -213.84 -403.97 -0.7 0.0242 0.0697 0.1975 0
4 -205.61 -403.92 0.9 0.0546 0.06 0.0677 0
7 -199.04 -403.91 0.8 0.0658 0.0385 0.021 0
5 -186.01 -403.87 0.8 0.0658 0.0385 0.021 0
7 -178.32 -403.85 0.9 0.6941 0.6941 0.6661 0
7 -170.22 -403.86 -0.7 0.3392 0.3537 0.3736 0
5 -163.92 -403.85 0.9 0.0041 0.0041 0.005 0
7 -157.21 -403.95 0.3 0.0041 0.0041 0.005 0
4 -142.32 -403.98 0.5 0.0072 0.0078 0.0097 0
10 -132.94 -403.99 -1 0.1542 0.1636 0.1768 0
7 -125.08 -403.91 1.1 0.0658 0.0385 0.021 0
5 -111.01 -403.92 -0.8 0.259 0.0097 0.0097 0
7 -67.51 -403.87 -0.5 0.0072 0.0078 0.0097 0
11 -58.94 -403.88 1.1 0.632 0.6121 0.5605 0
7 -52.25 -403.82 0.1 0.7667 0.7667 0.7445 0
5 -46.21 -403.98 0.9 0.259 0.0097 0.0097 0
8 -39.5 -403.9 0.1 0.0658 0.0385 0.021 0
7 -32.17 -403.95 0.8 0.1011 0.0029 0.0046 0
1 -25.2 -403.88 -0.4 0.9158 0.4045 0 0
6 -9.25 -375.53 89.3 0.0189 0.022 0.029 0
12 -9.13 -360.64 91.1 0.5924 0.5924 0.5795 0
7 -9.18 -352.1 91.1 0.2047 0.259 0.2801 0
2 220.07 -396.45 1.4 0.9158 0.4045 0 1
11 23.24 -396.06 -0.2 0.68 0.68 0.6524 0
5 30.35 -396.04 0.7 0.3345 0.2801 0.1801 0
6 37.24 -396.08 -0.5 0.1542 0.1636 0.1768 0
6 44.99 -396.08 0.9 0.0029 0.0033 0.0041 0
10 52.46 -396.15 -1 0.0658 0.0385 0.021 0
7 59.19 -396.12 0.7 0.0072 0.0078 0.0097 0
6 65.74 -396.2 -0.2 0.0017 0.0017 0.0023 0
8 73.76 -396.19 0.5 0.0399 0.0546 0.0781 0
5 81.56 -396.07 0.5 0.0041 0.0041 0.005 0
4 94.92 -396.11 -1.1 0.1573 0.0066 0.0066 0
9 102.76 -396.16 -0.1 0.021 0.043 0.0231 0
4 109.37 -396 -0.3 0.3392 0.3537 0.3736 0
4 117.24 -396.11 -0.3 0.0658 0.0385 0.021 0
7 131.83 -396.18 -0.2 0.0546 0.0915 0.0461 0
4 138.21 -396.16 -0.8 0.0189 0.022 0.029 0
5 144.65 -396.2 -0.4 0.259 0.0097 0.0097 0
9 152.31 -396.1 0.5 0.0014 0.0023 0.0037 0
4 160.53 -396.02 0.8 0.4045 0.4259 0.4479 0
8 167.89 -396.07 1.1 0.0072 0.0189 0.0658 0
10 175.52 -396.09 0.3 0.148 0.2428 0.3587 0
3 184.07 -396.09 0 0.9158 0.4045 0 0
4 190.77 -396.12 0.9 0.1542 0.1636 0.1768 0
11 205.15 -396.12 -0.9 0.7012 0.687 0.6388 0
6 213.12 -396.17 -1.1 0.1542 0.1636 0.1768 0
6 20.23 -403.95 -1 0.0546 0.0915 0.0461 0
8 26.83 -403.9 0 0.0017 0.0017 0.0023 0
9 33.14 -403.96 0.7 0.0189 0.022 0.029 0
4 39.48 -403.98 -0.8 0.0658 0.0385 0.021 0
6 46.2 -403.94 -0.8 0.0014 0.0023 0.0037 0
8 60.09 -403.94 -0.1 0.259 0.0097 0.0097 0
8 68.04 -403.83 0.3 0.0072 0.0189 0.0658 0
2 82.98 -403.96 0.6 0.9158 0.4045 0 0
0 89.92 -403.94 0.3 0.9158 0.4045 0 0
7 96.09 -403.83 -0.5 0.3392 0.3537 0.3736 0
4 102.92 -403.95 0.9 0.021 0.043 0.0231 0
6 110.56 -403.92 -0.6 0.021 0.043 0.0231 0
9 118.34 -403.84 -0.6 0.0017 0.0017 0.0023 0
8 139.99 -403.94 -0.3 0.2047 0.259 0.2801 0
12 147.36 -403.87 -0.3 0.7012 0.687 0.6388 0
6 156.82 -403.98 -0.9 0.148 0.2428 0.3587 0
4 182.52 -403.84 0.1 0.1011 0.0029 0.0046 0
9 190.67 -403.85 1.1 0.0014 0.0023 0.0037 0
3 197.72 -403.82 0.8 0.3297 0.4313 0.0697 0
4 211.83 -403.81 0.8 0.4591 0.4045 0.2801 0
3 218.34 -403.83 -0.6 0.9158 0.4045 0 0
10 226.12 -403.97 0.6 0.1011 0.0029 0.0046 0
6 259.12 -349.09 -90 0.021 0.043 0.0231 0
8 259.27 -371.05 -89.9 0.1573 0.0066 0.0066 0
8 259.21 -377.15 -90.2 0.3392 0.3537 0.3736 0
5 278.53 -396.14 -0.3 0.148 0.2428 0.3587 0
8 286.36 -396.19 -0.9 0.001 0.001 0.0012 0
8 292.73 -396.11 0.4 0.0242 0.0697 0.1975 0
8 300.23 -396.19 0.3 0.0546 0.06 0.0677 0
8 306.83 -396.15 0 0.0189 0.022 0.029 0
9 314.59 -396.19 -1.1 0.0029 0.0033 0.0041 0
6 322.53 -396.11 0 0.0029 0.0033 0.0041 0
1 329.56 -396.15 0.5 0.9158 0.4045 0 0
9 336.24 -396.01 0.7 0.021 0.043 0.0231 0
2 343.97 -396.12 0.1 0.9158 0.4045 0 0
9 349.85 -396.12 0.4 0.4591 0.4045 0.2801 0
4 356.07 -396.13 -1 0.0072 0.0078 0.0097 0
9 362.71 -396.13 0.6 0.0189 0.022 0.029 0
11 371.02 -396.15 1 0.7012 0.687 0.6388 0
5 393.39 -396.03 0.8 0.0017 0.0017 0.002 0
6 400.07 -396.17 0.8 0.0014 0.0023 0.0037 0
12 284.47 -402.85 0.5 0.7012 0.687 0.6388 1
6 274.67 -403.81 -0.6 0.0892 0.0963 0.1062 0
8 295.6 -403.93 0.3 0.021 0.043 0.0231 0
5 303.58 -403.94 -1 0.0072 0.0078 0.0097 0
5 316.24 -403.94 1.1 0.4591 0.4045 0.2801 0
5 322.53 -403.95 0 0.0546 0.06 0.0677 0
9 330.64 -403.96 0.3 0.2047 0.259 0.2801 0
5 338.3 -403.8 1 0.0072 0.0189 0.0658 0
6 346.23 -403.81 0.3 0.0399 0.0546 0.0781 0
1 360.89 -403.84 0.1 0.9158 0.4045 0 0
10 377.46 -403.96 -0.1 0.2047 0.259 0.2801 0
8 384.42 -403.89 0.6 0.0014 0.0023 0.0037 0
11 392.7 -403.87 -0.8 0.632 0.6121 0.5605 0
3 -23.88 -323.84 180.1 0.9158 0.4045 0 0
9 -31.87 -324 180.2 0.001 0.001 0.0012 0
7 -38.06 -323.9 179.2 0.2047 0.259 0.2801 0
4 -44.92 -323.87 179.8 0.0189 0.022 0.029 0
7 -52.48 -323.96 179.8 0.148 0.2428 0.3587 0
2 -68.6 -323.87 179.7 0.9158 0.4045 0 0
12 -77.62 -323.85 180.9 0.632 0.6121 0.5605 0
7 -88.35 -323.96 179.3 0.632 0.632 0.5989 0
7 -102.69 -323.97 181.1 0.3392 0.3537 0.3736 0
12 -110.66 -324 180 0.68 0.68 0.6524 0
6 -119.67 -323.87 179.5 0.0399 0.0546 0.0781 0
4 -125.49 -323.99 181.1 0.0017 0.0017 0.002 0
2 -131.69 -323.85 180.6 0.9158 0.4045 0 0
7 -138.51 -323.87 180.2 0.0892 0.0963 0.1062 0
8 -146.26 -323.92 179.9 0.0546 0.0915 0.0461 0
4 -153.18 -323.83 179.1 0.632 0.632 0.5989 0
6 -160.85 -323.96 180.8 0.0546 0.06 0.0677 0
4 -167.95 -323.98 179.4 0.482 0.4936 0.5054 0
6 -175.73 -323.9 180.4 0.0014 0.0023 0.0037 0
8 -182.7 -323.8 181 0.1573 0.0066 0.0066 0
5 -190.32 -323.8 180.2 0.0072 0.0189 0.0658 0
7 -198.6 -323.93 180.7 0.3345 0.2801 0.1801 0
10 -213.18 -323.93 179.4 0.0041 0.0041 0.005 0
4 -221.32 -323.96 180.9 0.0399 0.0546 0.0781 0
5 -22.27 -316.2 180.9 0.6941 0.6941 0.6661 0
2 -36.97 -316.08 179.6 0.9158 0.4045 0 0
6 -43.32 -316.03 180.7 0.0017 0.0017 0.0023 0
4 -58.25 -316.1 179.6 0.0242 0.0697 0.1975 0
8 -66.36 -316.08 179.7 0.1011 0.0029 0.0046 0
6 -80.97 -316.04 179.5 0.0017 0.0017 0.0023 0
7 -86.93 -316.01 179.3 0.148 0.2428 0.3587 0
2 -93.83 -316.14 180.2 0.9158 0.4045 0 0
8 -108.34 -316.12 180 0.0014 0.0023 0.0037 0
5 -115.87 -316.09 180.2 0.0189 0.022 0.029 0
12 -124.23 -316.16 179.1 0.5924 0.5924 0.5795 0
12 -135.27 -316.16 179.9 0.7012 0.687 0.6388 0
7 -144.51 -316.01 179.5 0.7667 0.7667 0.7445 0
7 -151.52 -316.15 179.7 0.259 0.0097 0.0097 0
6 -157.62 -316.17 180.6 0.0242 0.0697 0.1975 0
7 -165.82 -316.12 179.3 0.482 0.4936 0.5054 0
3 -172.17 -316.18 181 0.9158 0.4045 0 0
7 -179.43 -316.01 180.3 0.2758 0.2932 0.3112 0
6 -193.48 -316.08 179.2 0.0029 0.0033 0.0041 0
10 -201.97 -316.06 179.6 0.0189 0.022 0.029 0
4 -217.39 -316 180.2 0.1573 0.0066 0.0066 0
9 -223.69 -316.08 180.3 0.0029 0.0033 0.0041 0
12 8.15 -281.62 -89.9 0.5924 0.5924 0.5795 1
1 8.85 -281.11 -90.4 0.9158 0.4045 0 1
4 9.28 -257.54 -90 0.021 0.043 0.0231 0
8 9.13 -297.65 -89.9 0.1542 0.1636 0.1768 0
1 50.8 -323.55 180.7 0.9158 0.4045 0 1
7 228.11 -323.87 178.9 0.0041 0.0041 0.005 0
4 222.09 -323.95 179.7 0.0546 0.0915 0.0461 0
7 214.8 -323.96 179.1 0.0546 0.0915 0.0461 0
9 202.77 -323.9 179.9 0.0029 0.0033 0.0041 0
7 194.55 -323.99 178.9 0.021 0.043 0.0231 0
4 186.52 -323.96 180.6 0.0189 0.022 0.029 0
8 178.32 -323.8 181 0.259 0.0097 0.0097 0
6 170.54 -323.91 181.1 0.259 0.0097 0.0097 0
6 163.82 -323.93 179.3 0.0892 0.0963 0.1062 0
6 156.82 -324 181 0.0399 0.0546 0.0781 0
12 148.22 -323.84 180.9 0.632 0.6121 0.5605 0
5 138.45 -323.87 180 0.0546 0.06 0.0677 0
11 130.96 -323.91 180.5 0.68 0.68 0.6524 0
6 122.1 -323.92 180.7 0.0892 0.0963 0.1062 0
6 114.89 -323.88 179 0.0399 0.0546 0.0781 0
6 107.54 -323.99 180.9 0.1573 0.0066 0.0066 0
5 99.65 -323.95 179 0.0546 0.06 0.0677 0
9 69.06 -323.85 179.2 0.0017 0.0017 0.0023 0
9 62.76 -323.94 179.9 0.0029 0.0033 0.0041 0
2 42.21 -323.97 181.1 0.9158 0.4045 0 0
7 26.56 -323.82 180.5 0.1011 0.0029 0.0046 0
3 38.89 -316.45 181.4 0.9158 0.4045 0 1
6 219.23 -316.16 179.8 0.0014 0.0023 0.0037 0
8 212.18 -316.01 179.7 0.0029 0.0033 0.0041 0
3 197.11 -316.09 179.8 0.9158 0.4045 0 0
5 190.5 -316.16 179.5 0.7667 0.7667 0.7445 0
4 184.5 -316.04 180.7 0.3392 0.3537 0.3736 0
12 176.52 -316.09 180.9 0.68 0.68 0.6524 0
6 166.62 -316.01 179.9 0.0014 0.0023 0.0037 0
7 159.72 -316.04 180.3 0.0546 0.06 0.0677 0
6 151.53 -316.18 179.5 0.3345 0.2801 0.1801 0
6 145.51 -316.17 180.1 0.001 0.001 0.0012 0
4 137.3 -316.05 179.3 0.6941 0.6941 0.6661 0
8 129.38 -316.09 181 0.0014 0.0023 0.0037 0
7 123.14 -316.07 179.2 0.0242 0.0697 0.1975 0
9 107.69 -316.1 179.4 0.3345 0.2801 0.1801 0
6 99.56 -316.04 180.3 0.0242 0.0697 0.1975 0
1 92.34 -316.09 179.4 0.9158 0.4045 0 0
4 85.6 -316.03 180.2 0.0072 0.0078 0.0097 0
7 78.89 -316.14 179 0.0119 0.0385 0.1247 0
6 72.6 -316.01 179 0.021 0.043 0.0231 0
4 64.39 -316.03 179 0.0399 0.0546 0.0781 0
8 45.69 -316.09 179.3 0.0029 0.0033 0.0041 0
5 30.54 -316.06 180.4 0.148 0.2428 0.3587 0
9 240.89 -297.72 90.1 0.0017 0.0017 0.0023 0
7 240.81 -290.28 89.5 0.4591 0.4045 0.2801 0
4 240.79 -282.42 88.9 0.7667 0.7667 0.7445 0
2 240.87 -268.2 89.8 0.9158 0.4045 0 0
2 240.85 -260.93 89.5 0.9158 0.4045 0 0
1 258.85 -285.63 -89.1 0.9158 0.4045 0 1
6 259.29 -257.05 -89.7 0.001 0.001 0.0012 0
6 259.18 -264.4 -90.4 0.0029 0.0033 0.0041 0
6 259.23 -272.46 -89.3 0.001 0.001 0.0012 0
6 259.17 -294.46 -90.8 0.0029 0.0033 0.0041 0
7 259.24 -301.82 -89.9 0.0023 0.0037 0.0055 0
5 399.58 -323.89 180.5 0.1542 0.1636 0.1768 0
6 392.32 -323.86 179.2 0.0017 0.0017 0.0023 0
6 378.15 -323.81 179.1 0.0399 0.0546 0.0781 0
4 370.42 -323.98 179.8 0.0041 0.0041 0.005 0
4 363.41 -323.94 179.4 0.021 0.043 0.0231 0
7 357.43 -323.96 180.8 0.632 0.632 0.5989 0
0 351.35 -323.96 179.4 0.9158 0.4045 0 0
5 343.37 -323.93 181 0.0023 0.0037 0.0055 0
6 335.35 -323.87 180.6 0.148 0.2428 0.3587 0
6 321.34 -323.9 180.8 0.001 0.001 0.0012 0
6 307.85 -323.88 180.5 0.0546 0.0915 0.0461 0
6 299.97 -323.85 180.4 0.0014 0.0023 0.0037 0
11 283.59 -323.84 180 0.7012 0.687 0.6388 0
1 276.35 -323.95 179.5 0.9158 0.4045 0 0
8 397.71 -316.08 180.6 0.0029 0.0033 0.0041 0
4 389.92 -316.15 180.1 0.632 0.632 0.5989 0
7 382.27 -316.19 180.9 0.4591 0.4045 0.2801 0
6 374.43 -316.16 180.7 0.1011 0.0029 0.0046 0
3 366.35 -316.19 179.7 0.9158 0.4045 0 0
1 353.81 -316.15 180.3 0.9158 0.4045 0 0
10 345.55 -316.19 179.8 0.632 0.632 0.5989 0
9 338 -316.2 180.9 0.0017 0.0017 0.0023 0
6 330.85 -316.19 178.9 0.1542 0.1636 0.1768 0
6 324.81 -316.08 180.5 0.1573 0.0066 0.0066 0
9 309.32 -316.09 179.5 0.0029 0.0033 0.0041 0
8 302.04 -316.04 180.4 0.2047 0.259 0.2801 0
12 286.88 -316.19 179.6 0.5924 0.5924 0.5795 0
9 277.01 -316.13 179.6 0.4591 0.4045 0.2801 0
6 420.81 -304.53 90.9 0.0546 0.06 0.0677 0
4 420.88 -298.5 90 0.4045 0.4259 0.4479 0
4 420.72 -290.19 89.4 0.0546 0.06 0.0677 0
6 420.89 -275.59 89.1 0.0029 0.0033 0.0041 0
8 420.71 -260.13 90.4 0.1011 0.0029 0.0046 0
3 438.85 -277.24 -89.6 0.9158 0.4045 0 1
6 439.15 -286.16 -90.7 0.1542 0.1636 0.1768 0
7 439.28 -293.94 -89.9 0.3392 0.3537 0.3736 0
4 439.12 -301.55 -90.1 0.0023 0.0037 0.0055 0
4 -240.83 -183.42 -90.5 0.1542 0.1636 0.1768 0
5 -240.87 -189.83 -89.5 0.0399 0.0546 0.0781 0
8 -240.88 -197.83 -89.4 0.0029 0.0033 0.0041 0
10 -240.88 -206.75 -89 0.0023 0.0037 0.0055 0
9 -240.89 -215.12 -89 0.0029 0.0033 0.0041 0
8 -240.81 -222.68 -91.1 0.0029 0.0033 0.0041 0
3 -188.65 -236.45 0.5 0.9158 0.4045 0 1
6 -228.02 -236.08 0.5 0.0014 0.0023 0.0037 0
12 -220.87 -236.05 -0.8 0.632 0.6121 0.5605 0
9 -210.05 -236 -0.9 0.0017 0.0017 0.0023 0
7 -203.72 -236.02 -0.9 0.6941 0.6941 0.6661 0
11 -195.5 -236.02 1 0.7012 0.687 0.6388 0
6 -174.67 -236.05 0.6 0.0017 0.0017 0.0023 0
8 -167.84 -236.14 1.1 0.0029 0.0033 0.0041 0
8 -161.77 -236.02 0.4 0.1542 0.1636 0.1768 0
4 -153.91 -236.17 -0.9 0.021 0.043 0.0231 0
4 -145.78 -236.02 -1 0.148 0.2428 0.3587 0
4 -138.2 -236.18 0 0.0546 0.0915 0.0461 0
9 -130.59 -236.05 0.8 0.021 0.043 0.0231 0
8 -124.63 -236.18 -0.2 0.0658 0.0385 0.021 0
6 -117.03 -236.01 -0.8 0.0014 0.0023 0.0037 0
4 -95.81 -236.12 1 0.0119 0.0385 0.1247 0
7 -87.5 -236.17 -0.9 0.2047 0.259 0.2801 0
4 -71.81 -236.16 0.8 0.2758 0.2932 0.3112 0
8 -64.27 -236.1 -0.1 0.0189 0.022 0.029 0
5 -57.35 -236.16 0.6 0.0072 0.0078 0.0097 0
11 -48.06 -236.07 -0.8 0.7012 0.687 0.6388 0
12 -38.68 -236.19 0 0.632 0.6121 0.5605 0
12 -208.48 -242.85 1 0.632 0.6121 0.5605 1
4 -229.8 -243.83 1.1 0.0041 0.0041 0.005 0
9 -222.29 -243.92 -0.7 0.0014 0.0023 0.0037 0
7 -199.68 -243.96 0.1 0.0546 0.06 0.0677 0
7 -184.67 -243.94 0.7 0.632 0.632 0.5989 0
6 -176.84 -243.86 -0.6 0.0017 0.0017 0.0023 0
9 -169.94 -243.97 -0.5 0.0029 0.0033 0.0041 0
5 -163.23 -243.99 -1 0.0119 0.0385 0.1247 0
5 -155.08 -243.9 -0.1 0.0119 0.0385 0.1247 0
4 -147.47 -243.99 -0.1 0.4591 0.4045 0.2801 0
6 -141.26 -243.97 -0.5 0.021 0.043 0.0231 0
7 -133.03 -243.87 0.8 0.0072 0.0189 0.0658 0
1 -125.4 -243.86 -0.6 0.9158 0.4045 0 0
2 -117.48 -243.89 -0.1 0.9158 0.4045 0 0
0 -109.34 -243.87 0.8 0.9158 0.4045 0 0
8 -103.31 -243.91 -0.9 0.001 0.001 0.0012 0
11 -93.69 -243.93 0.7 0.68 0.68 0.6524 0
4 -85.17 -243.88 0.3 0.259 0.0097 0.0097 0
5 -78.44 -243.91 0.4 0.0119 0.0385 0.1247 0
9 -71.79 -243.94 -0.7 0.3345 0.2801 0.1801 0
12 -64.16 -243.8 1.1 0.632 0.6121 0.5605 0
4 -48.84 -243.99 -0.5 0.3345 0.2801 0.1801 0
12 -40.72 -243.8 -0.3 0.632 0.6121 0.5605 0
7 -29.98 -243.9 -0.8 0.3392 0.3537 0.3736 0
13 -8.8 -184.38 91 0.7818 0.7818 0.7519 0
7 -9.22 -223.51 90.5 0.0041 0.0041 0.005 0
4 -9.19 -216.28 90.2 0.2047 0.259 0.2801 0
12 -9.28 -207.39 90.4 0.5924 0.5924 0.5795 0
13 8.8 -210.61 -90 0.7818 0.7818 0.7519 0
6 9.25 -176.45 -90.8 0.0014 0.0023 0.0037 0
9 9.29 -191.18 -90.3 0.0029 0.0033 0.0041 0
2 30.25 -236.45 -0.4 0.9158 0.4045 0 1
4 20.74 -236.09 1.1 0.1011 0.0029 0.0046 0
1 44.13 -236.05 0 0.9158 0.4045 0 0
6 51.44 -236.08 -0.1 0.0119 0.0385 0.1247 0
8 59.18 -236.09 0.4 0.1573 0.0066 0.0066 0
7 65.22 -236.08 -0.6 0.0023 0.0037 0.0055 0
8 72.84 -236.14 -0.4 0.0014 0.0023 0.0037 0
7 79.97 -236.08 1 0.7969 0.7742 0.7083 0
10 88.76 -236.17 1 0.2047 0.259 0.2801 0
7 96.43 -236.14 0.1 0.2047 0.259 0.2801 0
9 111.83 -236.05 0.1 0.0017 0.0017 0.0023 0
5 125.12 -236.03 0.2 0.0658 0.0385 0.021 0
6 132.24 -236.18 -1.1 0.0242 0.0697 0.1975 0
4 139.02 -236.14 0.9 0.6941 0.6941 0.6661 0
8 144.85 -236.06 0.3 0.3345 0.2801 0.1801 0
5 157.83 -236.12 -1.1 0.0189 0.022 0.029 0
9 164.48 -236.08 -0.4 0.0546 0.0915 0.0461 0
11 171.77 -236.11 0.6 0.632 0.6121 0.5605 0
5 178.56 -236.07 -0.6 0.0072 0.0078 0.0097 0
4 186.03 -236.14 -0.6 0.0072 0.0189 0.0658 0
6 200.19 -236.15 0.6 0.4591 0.4045 0.2801 0
5 206.14 -236.04 -0.5 0.0546 0.0915 0.0461 0
4 213.62 -236.06 0.4 0.1573 0.0066 0.0066 0
9 221.78 -236.01 0.7 0.0014 0.0023 0.0037 0
12 60.93 -242.85 1.2 0.632 0.6121 0.5605 1
4 23.16 -243.83 -0.6 0.7667 0.7667 0.7445 0
9 29.16 -243.97 0 0.148 0.2428 0.3587 0
1 43.72 -243.91 1 0.9158 0.4045 0 0
9 51.34 -243.95 -0.6 0.0017 0.0017 0.0023 0
10 82.8 -243.8 -1 0.1573 0.0066 0.0066 0
11 98.47 -243.87 -0.5 0.632 0.6121 0.5605 0
12 106.95 -243.87 0.9 0.7012 0.687 0.6388 0
7 116.69 -243.96 0.4 0.259 0.0097 0.0097 0
7 123.04 -243.82 0.5 0.1011 0.0029 0.0046 0
7 129.26 -243.98 0.5 0.482 0.4936 0.5054 0
11 138.03 -243.82 0.7 0.68 0.68 0.6524 0
8 146.74 -243.85 -1.1 0.0658 0.0385 0.021 0
5 154.32 -243.98 0.7 0.0399 0.0546 0.0781 0
4 160.55 -243.97 0.3 0.0072 0.0078 0.0097 0
10 177.49 -243.97 1 0.0023 0.0037 0.0055 0
5 184.67 -243.93 -0.3 0.7667 0.7667 0.7445 0
7 191.01 -243.83 0.4 0.6941 0.6941 0.6661 0
6 198.64 -243.88 -0.7 0.0072 0.0189 0.0658 0
9 204.87 -243.8 0.7 0.2047 0.259 0.2801 0
4 212 -243.84 0 0.0189 0.022 0.029 0
8 219.51 -243.82 -0.8 0.0029 0.0033 0.0041 0
5 226.04 -243.97 0.1 0.3392 0.3537 0.3736 0
4 240.89 -224.51 90.3 0.0658 0.0385 0.021 0
9 240.79 -217.47 89.3 0.0017 0.0017 0.0023 0
4 240.84 -211.56 89.5 0.021 0.043 0.0231 0
4 240.78 -204.35 90.6 0.0658 0.0385 0.021 0
4 240.72 -196.58 90 0.7969 0.7742 0.7083 0
5 240.85 -188.49 89.7 0.0017 0.0017 0.002 0
12 397.12 -236.95 0.9 0.632 0.6121 0.5605 1
8 270.77 -236.11 1 0.148 0.2428 0.3587 0
6 276.79 -236.06 -1.1 0.0017 0.0017 0.0023 0
11 305.13 -236.18 0.8 0.632 0.6121 0.5605 0
7 313.21 -236.19 -0.6 0.4591 0.4045 0.2801 0
7 326.71 -236.07 1.1 0.1011 0.0029 0.0046 0
7 333.03 -236.13 0.8 0.0546 0.06 0.0677 0
4 340.19 -236.05 0.3 0.148 0.2428 0.3587 0
7 347.83 -236.1 -0.9 0.0072 0.0078 0.0097 0
5 354.64 -236.1 -0.2 0.2758 0.2932 0.3112 0
5 361.61 -236.11 -1 0.1573 0.0066 0.0066 0
4 369.54 -236.14 0.9 0.148 0.2428 0.3587 0
6 376.03 -236.02 -1 0.001 0.001 0.0012 0
5 383.35 -236.11 -1 0.0119 0.0385 0.1247 0
7 405.03 -236.12 -0.2 0.4591 0.4045 0.2801 0
12 343.58 -242.85 0.2 0.7012 0.687 0.6388 1
1 318.25 -243.55 -0.9 0.9158 0.4045 0 1
4 281.88 -243.99 0.8 0.0658 0.0385 0.021 0
8 288.25 -243.85 -0.9 0.0242 0.0697 0.1975 0
4 296.66 -243.83 0.3 0.1542 0.1636 0.1768 0
7 303.08 -243.96 -0.7 0.7667 0.7667 0.7445 0
4 310.51 -243.87 -1.1 0.0546 0.06 0.0677 0
8 331.56 -243.95 -0.1 0.0014 0.0023 0.0037 0
4 351.8 -243.84 0.5 0.2047 0.259 0.2801 0
10 359.21 -243.86 -0.2 0.1542 0.1636 0.1768 0
9 373.82 -243.96 -0.4 0.0017 0.0017 0.0023 0
8 380.24 -243.9 0.1 0.0242 0.0697 0.1975 0
9 386.55 -243.93 0.4 0.4591 0.4045 0.2801 0
0 393.06 -243.99 0.6 0.9158 0.4045 0 0
5 399.2 -243.96 -0.1 0.7667 0.7667 0.7445 0
4 405.28 -243.87 -0.8 0.2758 0.2932 0.3112 0
3 421.15 -219.25 89.2 0.9158 0.4045 0 1
5 420.89 -203.36 90.4 0.632 0.632 0.5989 0
5 420.74 -187.55 90.4 0.0546 0.06 0.0677 0
7 420.86 -179.51 90.6 0.0658 0.0385 0.021 0
1 438.85 -215.95 -90.5 0.9158 0.4045 0 1
13 438.8 -212.53 -89 0.7818 0.7818 0.7519 0
9 439.26 -175.74 -89.9 0.001 0.001 0.0012 0
9 439.23 -182.38 -90 0.0014 0.0023 0.0037 0
1 439.22 -190.36 -89.1 0.9158 0.4045 0 0
9 439.29 -197.11 -90.4 0.0017 0.0017 0.0023 0
6 -240.75 -97.34 -91.1 0.0072 0.0189 0.0658 0
2 -240.84 -113.19 -90.3 0.9158 0.4045 0 0
10 -240.9 -130.71 -91 0.148 0.2428 0.3587 0
1 -87.16 -163.55 180.1 0.9158 0.4045 0 1
7 -32.11 -163.95 178.9 0.0119 0.0385 0.1247 0
5 -38.37 -163.97 179.2 0.0072 0.0078 0.0097 0
4 -45.7 -164 179.1 0.0119 0.0385 0.1247 0
5 -52.62 -163.88 180.4 0.6941 0.6941 0.6661 0
4 -59.08 -163.92 180.3 0.0023 0.0037 0.0055 0
4 -73.22 -163.89 179.7 0.021 0.043 0.0231 0
5 -80.83 -163.95 179.3 0.0546 0.0915 0.0461 0
4 -96.46 -163.96 180.1 0.0072 0.0078 0.0097 0
5 -104.51 -163.82 179.7 0.0892 0.0963 0.1062 0
10 -113.64 -163.81 179.4 0.7969 0.7742 0.7083 0
7 -121.29 -163.94 179.7 0.4591 0.4045 0.2801 0
12 -128.55 -163.89 179.6 0.68 0.68 0.6524 0
0 -137.31 -163.96 179.6 0.9158 0.4045 0 0
8 -145.35 -163.85 180 0.4591 0.4045 0.2801 0
5 -153.62 -163.91 180.7 0.3392 0.3537 0.3736 0
1 -161.09 -163.81 180.6 0.9158 0.4045 0 0
8 -174.87 -163.96 179.7 0.001 0.001 0.0012 0
9 -182.67 -163.8 180.9 0.0029 0.0033 0.0041 0
0 -190.3 -163.98 181.1 0.9158 0.4045 0 0
5 -197.48 -163.84 179.4 0.0072 0.0078 0.0097 0
2 -205.62 -163.85 180.3 0.9158 0.4045 0 0
5 -220.5 -163.87 180.8 0.0892 0.0963 0.1062 0
6 -226.57 -163.94 180.5 0.2047 0.259 0.2801 0
12 -53.53 -157.15 180.1 0.5924 0.5924 0.5795 1
8 -29.33 -156.05 181.1 0.0658 0.0385 0.021 0
9 -67.07 -156.02 180.2 0.021 0.043 0.0231 0
4 -74.43 -156.05 179.8 0.1542 0.1636 0.1768 0
4 -88.83 -156.19 179.5 0.0017 0.0017 0.002 0
12 -96.1 -156.09 180.1 0.7012 0.687 0.6388 0
2 -105.4 -156.12 180.5 0.9158 0.4045 0 0
11 -121.09 -156.18 179.7 0.5924 0.5924 0.5795 0
8 -136.1 -156.19 180.8 0.0658 0.0385 0.021 0
4 -142.3 -156.16 181 0.0023 0.0037 0.0055 0
0 -150.14 -156.02 179.3 0.9158 0.4045 0 0
5 -157.79 -156.14 180.8 0.2047 0.259 0.2801 0
7 -164.24 -156.01 180.6 0.0041 0.0041 0.005 0
4 -170.1 -156.08 179.2 0.0546 0.06 0.0677 0
6 -185.16 -156.19 180.3 0.021 0.043 0.0231 0
7 -192.61 -156.14 179.7 0.4591 0.4045 0.2801 0
6 -200.55 -156.11 178.9 0.0029 0.0033 0.0041 0
0 -207.02 -156.09 179.5 0.9158 0.4045 0 0
7 -213.77 -156.01 179 0.482 0.4936 0.5054 0
8 -220.98 -156.08 180.5 0.0072 0.0189 0.0658 0
5 -226.76 -156.08 179.4 0.0189 0.022 0.029 0
12 -8.15 -112.34 88.7 0.632 0.6121 0.5605 1
13 -8.8 -102.19 90.1 0.7818 0.7818 0.7519 0
9 -9.2 -142.45 89.9 0.2047 0.259 0.2801 0
5 -9.16 -134.65 89.6 0.1573 0.0066 0.0066 0
5 -9.18 -127.42 90.3 0.7969 0.7742 0.7083 0
4 9.21 -94.96 -90.2 0.6941 0.6941 0.6661 0
6 9.23 -101.63 -90.3 0.0119 0.0385 0.1247 0
6 9.21 -115.38 -91.1 0.0399 0.0546 0.0781 0
4 9.3 -128.43 -90.5 0.4591 0.4045 0.2801 0
1 9.14 -134.42 -89.9 0.9158 0.4045 0 0
6 9.11 -141.42 -90.9 0.0072 0.0189 0.0658 0
1 193.95 -163.55 180.3 0.9158 0.4045 0 1
2 228.04 -163.92 181 0.9158 0.4045 0 0
9 222.06 -163.89 179.8 0.001 0.001 0.0012 0
12 205.52 -163.8 180 0.68 0.68 0.6524 0
5 180.78 -163.84 179 0.0072 0.0078 0.0097 0
7 159.73 -163.87 180.2 0.632 0.632 0.5989 0
9 152.47 -163.92 181.1 0.0546 0.0915 0.0461 0
7 145.33 -163.89 178.9 0.3392 0.3537 0.3736 0
8 129.41 -163.92 179.4 0.0546 0.06 0.0677 0
11 106.29 -163.87 180.5 0.5924 0.5924 0.5795 0
9 99.42 -163.89 179.2 0.3345 0.2801 0.1801 0
6 91.59 -163.93 181 0.4591 0.4045 0.2801 0
7 83.82 -163.82 180.7 0.0119 0.0385 0.1247 0
8 76.21 -163.93 180.6 0.259 0.0097 0.0097 0
1 69.71 -163.98 180.3 0.9158 0.4045 0 0
8 62.72 -163.96 179 0.0546 0.06 0.0677 0
5 55.39 -163.98 181 0.021 0.043 0.0231 0
9 48.29 -163.95 180.1 0.4591 0.4045 0.2801 0
6 40.48 -163.91 181.1 0.0017 0.0017 0.0023 0
5 32.24 -163.87 180.9 0.0023 0.0037 0.0055 0
4 25 -163.92 179.5 0.0041 0.0041 0.005 0
5 222.21 -156.02 179.5 0.4045 0.4259 0.4479 0
12 214.95 -156.14 180.3 0.68 0.68 0.6524 0
8 204.09 -156.18 179.1 0.0029 0.0033 0.0041 0
2 196.51 -156.13 178.9 0.9158 0.4045 0 0
6 183.15 -156.11 179.1 0.0242 0.0697 0.1975 0
11 174.69 -156 180.8 0.5924 0.5924 0.5795 0
4 167.84 -156.11 179.4 0.0658 0.0385 0.021 0
10 159.19 -156.02 181.1 0.148 0.2428 0.3587 0
4 150.52 -156 179.4 0.0242 0.0697 0.1975 0
8 137.24 -156.11 179.5 0.0399 0.0546 0.0781 0
8 129.13 -156.03 179.3 0.0017 0.0017 0.0023 0
9 121.2 -156.13 179 0.0029 0.0033 0.0041 0
4 114.95 -156.07 179.7 0.0546 0.06 0.0677 0
10 106.23 -156.1 181 0.632 0.632 0.5989 0
9 97.77 -156.16 179.5 0.0017 0.0017 0.0023 0
7 91.12 -156 180.4 0.0041 0.0041 0.005 0
9 84.52 -156.05 180.1 0.0014 0.0023 0.0037 0
4 76.76 -156.2 179.2 0.0017 0.0017 0.002 0
12 62.26 -156.17 180.8 0.5924 0.5924 0.5795 0
8 51.88 -156.16 180.8 0.3345 0.2801 0.1801 0
4 45.32 -156.16 181.1 0.3392 0.3537 0.3736 0
4 38.01 -156.18 180.4 0.021 0.043 0.0231 0
13 241.2 -108.05 88.8 0.7818 0.7818 0.7519 0
5 240.89 -145.12 89.4 0.4591 0.4045 0.2801 0
7 240.9 -139.09 90.8 0.1573 0.0066 0.0066 0
8 240.89 -119.28 90.6 0.0189 0.022 0.029 0
8 259.22 -94.91 -89.6 0.3392 0.3537 0.3736 0
12 259.14 -103.85 -90.4 0.632 0.6121 0.5605 0
12 259.11 -127.59 -89.1 0.5924 0.5924 0.5795 0
7 259.26 -135.95 -91 0.1542 0.1636 0.1768 0
12 310.92 -163.05 180.3 0.68 0.68 0.6524 1
6 401.19 -163.84 179.6 0.0014 0.0023 0.0037 0
9 387.19 -163.97 180.3 0.0029 0.0033 0.0041 0
8 380.4 -163.95 180.4 0.0029 0.0033 0.0041 0
7 373.32 -163.95 180.8 0.6941 0.6941 0.6661 0
9 365.55 -164 180.4 0.001 0.001 0.0012 0
6 359.05 -163.95 180.4 0.0072 0.0189 0.0658 0
6 350.99 -163.94 180 0.0072 0.0189 0.0658 0
8 343.68 -163.94 179.7 0.0014 0.0023 0.0037 0
4 337.05 -163.9 180.9 0.0399 0.0546 0.0781 0
7 329.82 -163.86 181.1 0.0023 0.0037 0.0055 0
6 321.84 -163.8 180.9 0.0546 0.06 0.0677 0
7 300.1 -163.87 181.1 0.6941 0.6941 0.6661 0
4 291.93 -163.94 179.3 0.3345 0.2801 0.1801 0
2 278.07 -163.8 179.6 0.9158 0.4045 0 0
12 304.36 -157.15 181.3 0.68 0.68 0.6524 1
2 373.14 -156.45 179.9 0.9158 0.4045 0 1
6 405.55 -156.16 179.3 0.0017 0.0017 0.0023 0
7 397.7 -156.02 180 0.4591 0.4045 0.2801 0
5 389.8 -156.04 179.6 0.632 0.632 0.5989 0
8 382.01 -156.05 179.3 0.0658 0.0385 0.021 0
4 360.44 -156.1 179.4 0.259 0.0097 0.0097 0
6 354.29 -156.18 179.6 0.0014 0.0023 0.0037 0
4 340.75 -156.11 178.9 0.0041 0.0041 0.005 0
5 334.78 -156.17 179.3 0.1573 0.0066 0.0066 0
4 327.45 -156.14 180.7 0.2047 0.259 0.2801 0
6 320.87 -156.11 180 0.0017 0.0017 0.0023 0
7 287.95 -156.07 179.6 0.4045 0.4259 0.4479 0
8 279.9 -156.03 180.5 0.2758 0.2932 0.3112 0
7 -240.74 -18.02 -89.9 0.482 0.4936 0.5054 0
7 -240.72 -24.96 -90.7 0.1542 0.1636 0.1768 0
9 -240.75 -31.03 -91 0.001 0.001 0.0012 0
8 -240.77 -49.77 -88.9 0.2758 0.2932 0.3112 0
6 -240.73 -56.98 -90.5 0.001 0.001 0.0012 0
12 -62.16 -76.95 -0.7 0.7012 0.687 0.6388 1
2 -221.53 -76.12 0.2 0.9158 0.4045 0 0
8 -213.74 -76.14 -0.6 0.0658 0.0385 0.021 0
6 -206.36 -76.12 -0.8 0.0546 0.06 0.0677 0
6 -190.88 -76.06 -0.3 0.3345 0.2801 0.1801 0
6 -183.27 -76.09 0.6 0.0029 0.0033 0.0041 0
7 -169.68 -76.08 -1 0.0072 0.0189 0.0658 0
5 -162.35 -76.08 -0.3 0.1573 0.0066 0.0066 0
8 -155.65 -76.07 -0.4 0.3392 0.3537 0.3736 0
8 -141.68 -76.1 -0.7 0.0399 0.0546 0.0781 0
8 -135.07 -76 0.2 0.0242 0.0697 0.1975 0
8 -127.78 -76.09 -0.5 0.3345 0.2801 0.1801 0
9 -121.18 -76.19 -0.5 0.0017 0.0017 0.0023 0
5 -115.19 -76.1 0.6 0.0546 0.0915 0.0461 0
8 -107.28 -76.02 0.6 0.0399 0.0546 0.0781 0
8 -99.71 -76.14 0.4 0.0029 0.0033 0.0041 0
10 -90.82 -76.06 -1 0.0892 0.0963 0.1062 0
4 -76.77 -76.11 -0.8 0.3345 0.2801 0.1801 0
11 -47.54 -76.03 -0.8 0.7012 0.687 0.6388 0
4 -40.22 -76.15 0.2 0.0546 0.06 0.0677 0
4 -33.49 -76.11 -0.7 0.2758 0.2932 0.3112 0
4 -26.6 -76.18 0.7 0.0242 0.0697 0.1975 0
2 -217.12 -83.55 -0.2 0.9158 0.4045 0 1
6 -229.22 -83.86 0.4 0.0014 0.0023 0.0037 0
5 -209.1 -84 -0.1 0.259 0.0097 0.0097 0
8 -202.11 -83.86 0.3 0.1011 0.0029 0.0046 0
4 -186.64 -83.89 -1 0.2758 0.2932 0.3112 0
7 -171.48 -83.93 -0.7 0.7667 0.7667 0.7445 0
2 -158.76 -83.87 -0.6 0.9158 0.4045 0 0
9 -151.98 -83.95 0.5 0.0014 0.0023 0.0037 0
8 -146.22 -83.94 0.5 0.0017 0.0017 0.0023 0
6 -132.84 -83.91 0.9 0.001 0.001 0.0012 0
4 -124.53 -83.89 -0.1 0.021 0.043 0.0231 0
8 -117.25 -83.91 0.9 0.001 0.001 0.0012 0
6 -109.78 -83.88 0.1 0.001 0.001 0.0012 0
12 -101.68 -83.94 -0.8 0.68 0.68 0.6524 0
1 -85.35 -83.82 0.3 0.9158 0.4045 0 0
9 -78.84 -83.88 0.9 0.0017 0.0017 0.0023 0
7 -70.89 -83.91 0.7 0.0546 0.06 0.0677 0
8 -64.06 -84 -1.1 0.2758 0.2932 0.3112 0
12 -56.52 -83.95 -0.8 0.68 0.68 0.6524 0
7 -41.01 -83.86 -0.8 0.3345 0.2801 0.1801 0
9 -34.94 -83.82 0.1 0.0029 0.0033 0.0041 0
10 -26.83 -83.82 -0.6 0.3345 0.2801 0.1801 0
12 68.78 -76.95 0.6 0.632 0.6121 0.5605 1
7 22.21 -76.08 0.1 0.0399 0.0546 0.0781 0
10 29.98 -76.08 -0.9 0.0546 0.06 0.0677 0
4 38.78 -76.1 1.1 0.0658 0.0385 0.021 0
4 52.22 -76.14 0.2 0.2047 0.259 0.2801 0
8 82.82 -76.1 -1.1 0.1542 0.1636 0.1768 0
1 89.63 -76.14 1.1 0.9158 0.4045 0 0
5 96.51 -76.03 -1.1 0.7969 0.7742 0.7083 0
3 104.65 -76.2 1.1 0.9158 0.4045 0 0
11 113.53 -76.05 0.2 0.5924 0.5924 0.5795 0
10 123.14 -76.09 -0.4 0.0041 0.0041 0.005 0
4 130.51 -76.17 0.4 0.2047 0.259 0.2801 0
7 138.77 -76.15 0.4 0.3392 0.3537 0.3736 0
8 145.78 -76.18 -0.9 0.001 0.001 0.0012 0
5 167.79 -76.05 0.2 0.0119 0.0385 0.1247 0
1 174.62 -76.02 0.5 0.9158 0.4045 0 0
6 181.43 -76.01 -0.1 0.148 0.2428 0.3587 0
8 188.5 -76.18 -0.9 0.259 0.0097 0.0097 0
9 196.46 -76.14 0.3 0.0029 0.0033 0.0041 0
4 204.36 -76.12 1 0.148 0.2428 0.3587 0
8 211.01 -76.04 1.1 0.482 0.4936 0.5054 0
10 218.88 -76.16 0.1 0.7969 0.7742 0.7083 0
5 225.75 -76.08 -0.9 0.0546 0.0915 0.0461 0
1 241.15 -36.63 90.3 0.9158 0.4045 0 1
6 240.72 -64.23 90.4 0.1542 0.1636 0.1768 0
10 240.78 -48.08 90.4 0.021 0.043 0.0231 0
2 258.85 -37.49 -88.8 0.9158 0.4045 0 1
9 259.24 -26.01 -89.4 0.0017 0.0017 0.0023 0
4 259.26 -46.44 -91 0.0892 0.0963 0.1062 0
5 259.25 -53.77 -89.3 0.021 0.043 0.0231 0
8 259.29 -61.44 -90.5 0.001 0.001 0.0012 0
4 280.13 -76.19 0 0.0658 0.0385 0.021 0
12 288.34 -76.16 -0.4 0.68 0.68 0.6524 0
4 305.62 -76.19 0.1 0.0017 0.0017 0.002 0
7 313.11 -76.18 0.7 0.0242 0.0697 0.1975 0
9 320.03 -76.08 0 0.0029 0.0033 0.0041 0
4 327.78 -76.11 -1.1 0.0546 0.06 0.0677 0
12 342.58 -76.15 -1 0.632 0.6121 0.5605 0
7 351.16 -76 0.1 0.2047 0.259 0.2801 0
4 357.41 -76.1 -1 0.0017 0.0017 0.002 0
6 364.31 -76.19 -0.1 0.0658 0.0385 0.021 0
12 371.66 -76.05 -0.9 0.632 0.6121 0.5605 0
4 387.05 -76.01 0.5 0.7667 0.7667 0.7445 0
7 393.25 -76.09 -1 0.0017 0.0017 0.002 0
4 400.92 -76.02 0.2 0.0892 0.0963 0.1062 0
11 272.45 -83.95 -1.1 0.68 0.68 0.6524 0
4 279.08 -83.89 0.2 0.0242 0.0697 0.1975 0
5 286.68 -83.81 0.6 0.259 0.0097 0.0097 0
8 293.25 -83.9 0.3 0.0029 0.0033 0.0041 0
6 299.69 -83.88 -0.5 0.0892 0.0963 0.1062 0
6 306.09 -83.91 0.5 0.0072 0.0189 0.0658 0
5 312.64 -83.97 -1.1 0.0017 0.0017 0.002 0
10 320.03 -83.83 -1.1 0.2047 0.259 0.2801 0
4 327.06 -83.92 -0.9 0.021 0.043 0.0231 0
8 333.97 -83.88 -0.2 0.2758 0.2932 0.3112 0
5 347.24 -83.88 -1 0.1573 0.0066 0.0066 0
9 353.9 -83.88 0.4 0.3345 0.2801 0.1801 0
5 360.45 -83.86 -0.1 0.482 0.4936 0.5054 0
6 366.71 -83.97 -1 0.0546 0.06 0.0677 0
6 381.35 -83.98 -0.4 0.001 0.001 0.0012 0
8 387.39 -83.99 -1 0.0014 0.0023 0.0037 0
9 400.41 -83.81 -0.3 0.0399 0.0546 0.0781 0
12 421.85 -47.73 89.7 0.7012 0.687 0.6388 1
9 420.83 -63.28 89.3 0.001 0.001 0.0012 0
4 420.82 -34.43 89.7 0.0546 0.06 0.0677 0
8 420.83 -28.37 90.1 0.0029 0.0033 0.0041 0
10 420.78 -20.09 90.1 0.0546 0.0915 0.0461 0
1 438.85 -48.65 -89 0.9158 0.4045 0 1
5 439.17 -17.79 -89.1 0.2758 0.2932 0.3112 0
7 439.13 -24.81 -90.6 0.0546 0.0915 0.0461 0
9 439.13 -32.04 -90.5 0.001 0.001 0.0012 0
4 439.18 -39.98 -89.9 0.0658 0.0385 0.021 0
7 439.21 -60.76 -90.4 0.0399 0.0546 0.0781 0
2 -241.15 23.11 -89.1 0.9158 0.4045 0 1
9 -240.88 64.52 -89 0.0399 0.0546 0.0781 0
7 -240.83 56.3 -89.6 0.2758 0.2932 0.3112 0
8 -240.84 49.19 -90.2 0.001 0.001 0.0012 0
6 -240.83 41.63 -89.2 0.0658 0.0385 0.021 0
6 -240.74 33.49 -90.8 0.259 0.0097 0.0097 0
1 -119.64 -3.55 178.7 0.9158 0.4045 0 1
4 -22.26 -3.9 180.4 0.3345 0.2801 0.1801 0
11 -30.01 -3.83 181 0.68 0.68 0.6524 0
6 -38.75 -3.86 179.5 0.001 0.001 0.0012 0
4 -63.19 -3.81 179.4 0.0892 0.0963 0.1062 0
9 -71.29 -3.99 180.8 0.0029 0.0033 0.0041 0
5 -78.35 -3.84 179.7 0.0119 0.0385 0.1247 0
5 -85.61 -3.96 179.8 0.482 0.4936 0.5054 0
2 -93.52 -3.91 179.6 0.9158 0.4045 0 0
9 -101.11 -3.82 181 0.0017 0.0017 0.0023 0
7 -109.26 -3.86 179.2 0.4045 0.4259 0.4479 0
4 -125.6 -3.93 181.1 0.7969 0.7742 0.7083 0
4 -133.15 -3.81 179.8 0.0119 0.0385 0.1247 0
12 -141.21 -4 180.4 0.68 0.68 0.6524 0
4 -150.39 -3.88 180.2 0.7969 0.7742 0.7083 0
4 -164.07 -4 180.5 0.6941 0.6941 0.6661 0
2 -176.54 -3.86 179.2 0.9158 0.4045 0 0
4 -184.7 -3.97 179.8 0.0658 0.0385 0.021 0
10 -194.03 -3.94 181.1 0.259 0.0097 0.0097 0
6 -208.54 -3.86 179.5 0.4591 0.4045 0.2801 0
4 -215.75 -3.9 181 0.0546 0.06 0.0677 0
3 -8.85 55.07 91.3 0.9158 0.4045 0 1
9 -9.25 18.96 90.3 0.0029 0.0033 0.0041 0
1 -9.22 27.27 88.9 0.9158 0.4045 0 0
8 -9.13 34.49 90.7 0.0072 0.0189 0.0658 0
8 -9.28 41.33 89.7 0.3345 0.2801 0.1801 0
5 -9.19 61.91 89 0.2047 0.259 0.2801 0
12 8.15 50.37 -90 0.5924 0.5924 0.5795 1
1 8.85 66.04 -90.1 0.9158 0.4045 0 1
13 8.8 29.32 -88.8 0.7818 0.7818 0.7519 0
10 9.27 41.94 -90.8 0.7969 0.7742 0.7083 0
1 95.63 -3.55 179 0.9158 0.4045 0 1
4 227.11 -3.85 179.7 0.0072 0.0189 0.0658 0
5 220.87 -3.83 180.5 0.0023 0.0037 0.0055 0
11 212.45 -3.94 180.9 0.68 0.68 0.6524 0
9 197.18 -3.8 181.1 0.0017 0.0017 0.0023 0
12 188.5 -3.97 179.3 0.5924 0.5924 0.5795 0
8 178.7 -3.9 180.8 0.0029 0.0033 0.0041 0
7 163.41 -3.9 180.1 0.1542 0.1636 0.1768 0
6 156.68 -3.97 181 0.0119 0.0385 0.1247 0
7 148.78 -3.89 180.8 0.4591 0.4045 0.2801 0
12 140.36 -3.89 179.1 0.632 0.6121 0.5605 0
6 129.62 -3.82 180.1 0.259 0.0097 0.0097 0
9 122.79 -3.92 180.7 0.001 0.001 0.0012 0
8 116.57 -3.98 178.9 0.0399 0.0546 0.0781 0
7 109.3 -3.89 179.8 0.4045 0.4259 0.4479 0
7 103.19 -3.85 181 0.0546 0.0915 0.0461 0
8 86.96 -3.89 179.7 0.4591 0.4045 0.2801 0
8 74.24 -3.93 180.4 0.0546 0.0915 0.0461 0
2 45.78 -3.86 179.3 0.9158 0.4045 0 0
9 38.92 -3.97 180.9 0.0029 0.0033 0.0041 0
4 32.75 -3.81 180 0.4591 0.4045 0.2801 0
9 225.52 3.98 179 0.0014 0.0023 0.0037 0
4 218.84 3.9 179.1 0.1011 0.0029 0.0046 0
5 205.78 3.94 179.5 0.2047 0.259 0.2801 0
12 197.24 3.98 179.1 0.7012 0.687 0.6388 0
10 185.56 3.89 179.2 0.0242 0.0697 0.1975 0
9 177.61 3.93 180.7 0.0029 0.0033 0.0041 0
4 169.92 3.9 179.7 0.0041 0.0041 0.005 0
4 163.08 3.98 181 0.0399 0.0546 0.0781 0
7 155.94 3.84 180.5 0.0023 0.0037 0.0055 0
9 133.9 3.84 180.5 0.0014 0.0023 0.0037 0
8 127.36 3.83 180.9 0.0119 0.0385 0.1247 0
6 120.06 3.92 180.7 0.001 0.001 0.0012 0
10 104.84 3.95 179.7 0.0658 0.0385 0.021 0
7 97.46 3.84 180.3 0.4591 0.4045 0.2801 0
9 90.67 3.99 179.3 0.0014 0.0023 0.0037 0
5 83.79 3.81 180.5 0.0023 0.0037 0.0055 0
8 76.03 4 179.2 0.3345 0.2801 0.1801 0
4 69.21 3.83 179.2 0.4591 0.4045 0.2801 0
4 62.4 3.82 179.5 0.0023 0.0037 0.0055 0
4 54.18 3.88 179.5 0.6941 0.6941 0.6661 0
8 46.33 3.87 180.5 0.0029 0.0033 0.0041 0
4 38.74 3.94 180.9 0.0119 0.0385 0.1247 0
2 31.61 3.95 179.1 0.9158 0.4045 0 0
5 240.73 17.9 91 0.4045 0.4259 0.4479 0
12 240.72 26.44 91.1 0.68 0.68 0.6524 0
5 240.8 44.7 90.7 0.2758 0.2932 0.3112 0
7 240.7 51.72 90.2 0.0119 0.0385 0.1247 0
4 259.24 66.93 -89.8 0.7667 0.7667 0.7445 0
10 259.23 51.36 -90.2 0.1542 0.1636 0.1768 0
4 259.14 43.6 -90.8 0.6941 0.6941 0.6661 0
9 259.26 35.49 -89.3 0.0189 0.022 0.029 0
6 259.11 28.13 -89.3 0.001 0.001 0.0012 0
3 289.7 -3.55 178.9 0.9158 0.4045 0 1
5 406.53 -3.92 181 0.3345 0.2801 0.1801 0
8 392.22 -3.87 180.3 0.1011 0.0029 0.0046 0
5 386.26 -3.85 179.5 0.0017 0.0017 0.002 0
0 379.28 -3.91 179.5 0.9158 0.4045 0 0
5 371.48 -3.88 178.9 0.7969 0.7742 0.7083 0
5 365.38 -3.84 181 0.482 0.4936 0.5054 0
6 357.79 -3.94 178.9 0.0029 0.0033 0.0041 0
7 350.98 -3.83 180.2 0.0072 0.0078 0.0097 0
6 343.72 -3.97 179.2 0.0658 0.0385 0.021 0
8 336.24 -3.93 179 0.021 0.043 0.0231 0
8 329.03 -3.96 179.3 0.0242 0.0697 0.1975 0
9 322.51 -3.97 181 0.0014 0.0023 0.0037 0
5 315.81 -3.82 180.6 0.0399 0.0546 0.0781 0
8 307.72 -3.87 179.1 0.001 0.001 0.0012 0
7 300.06 -3.84 179.6 0.1573 0.0066 0.0066 0
1 278.8 -3.9 180.3 0.9158 0.4045 0 0
10 400.77 3.85 179.8 0.1011 0.0029 0.0046 0
9 392.67 3.95 180 0.0017 0.0017 0.0023 0
5 377.46 3.96 181 0.4045 0.4259 0.4479 0
5 369.49 3.89 180.4 0.2758 0.2932 0.3112 0
5 354.6 4 181 0.0119 0.0385 0.1247 0
9 347.77 3.89 181.1 0.021 0.043 0.0231 0
12 339.71 3.97 180.9 0.7012 0.687 0.6388 0
10 329.47 3.86 179.5 0.1542 0.1636 0.1768 0
4 322.71 3.93 180.3 0.0072 0.0078 0.0097 0
9 315.73 3.96 180.5 0.0017 0.0017 0.0023 0
4 307.5 3.98 179.3 0.0892 0.0963 0.1062 0
9 301.1 3.95 180.5 0.0029 0.0033 0.0041 0
12 291.55 3.95 180.7 0.5924 0.5924 0.5795 0
5 281.38 3.82 180.2 0.0189 0.022 0.029 0
4 275.32 3.91 180.8 0.7667 0.7667 0.7445 0
12 438.15 25.25 -91 0.632 0.6121 0.5605 1
3 438.85 59.17 -88.9 0.9158 0.4045 0 1
5 439.13 51.62 -91.1 0.0658 0.0385 0.021 0
6 439.23 44.73 -89.2 0.0029 0.0033 0.0041 0
12 439.21 36.23 -89 0.5924 0.5924 0.5795 0
1 -241.15 131.95 -88.7 0.9158 0.4045 0 1
9 -240.75 142.18 -89 0.0029 0.0033 0.0041 0
4 -225.55 82.57 0.3 0.0072 0.0078 0.0097 0
9 -217.9 82.51 -0.5 0.001 0.001 0.0012 0
8 -204.22 82.49 0.2 0.4591 0.4045 0.2801 0
6 -196.18 82.44 -0.1 0.0189 0.022 0.029 0
2 -188.9 82.56 -0.2 0.9158 0.4045 0 0
8 -182.61 82.46 1 0.3392 0.3537 0.3736 0
9 -168.18 82.42 0.4 0.001 0.001 0.0012 0
8 -160.63 82.57 0.7 0.3392 0.3537 0.3736 0
9 -153.17 82.47 0.1 0.148 0.2428 0.3587 0
7 -146.74 82.48 1 0.0017 0.0017 0.002 0
7 -127.08 82.4 0.4 0.1573 0.0066 0.0066 0
6 -112.19 82.57 0.5 0.001 0.001 0.0012 0
4 -105.15 82.45 0.2 0.0242 0.0697 0.1975 0
9 -99.29 82.46 1 0.4591 0.4045 0.2801 0
6 -85.33 82.53 0.9 0.0017 0.0017 0.0023 0
6 -71.04 82.45 0.8 0.0029 0.0033 0.0041 0
4 -63.37 82.53 -0.5 0.1542 0.1636 0.1768 0
6 -56.74 82.44 -0.8 0.021 0.043 0.0231 0
10 -49.14 82.53 0.7 0.0546 0.0915 0.0461 0
6 -42.24 82.44 1.1 0.0892 0.0963 0.1062 0
7 -36.15 82.53 1 0.0658 0.0385 0.021 0
7 -28.08 82.55 -0.5 0.3392 0.3537 0.3736 0
1 -8.85 115.78 91.2 0.9158 0.4045 0 1
6 -9.26 100.33 90.3 0.0029 0.0033 0.0041 0
1 -9.23 107.11 89.8 0.9158 0.4045 0 0
4 -9.15 127.58 91 0.0658 0.0385 0.021 0
4 -9.22 135.5 89.8 0.0119 0.0385 0.1247 0
9 -9.27 142.88 89.4 0.0017 0.0017 0.0023 0
12 8.15 111.2 -90.3 0.632 0.6121 0.5605 1
3 8.85 138.95 -90.5 0.3297 0.4313 0.0697 1
7 9.16 129.84 -89.7 0.0119 0.0385 0.1247 0
6 9.3 122.45 -89.4 0.0014 0.0023 0.0037 0
0 9.17 103.74 -91.1 0.9158 0.4045 0 0
4 9.14 97.35 -90.4 0.4045 0.4259 0.4479 0
7 23.57 82.45 0.8 0.0399 0.0546 0.0781 0
6 36.48 82.45 -0.6 0.0399 0.0546 0.0781 0
10 46.13 82.59 0.8 0.2758 0.2932 0.3112 0
6 54.04 82.46 -1 0.001 0.001 0.0012 0
7 61.53 82.42 -0.6 0.021 0.043 0.0231 0
6 68.28 82.49 0 0.0017 0.0017 0.0023 0
11 75.78 82.43 -0.2 0.68 0.68 0.6524 0
2 82.83 82.59 -0.6 0.9158 0.4045 0 0
7 99.03 82.44 0.2 0.0242 0.0697 0.1975 0
5 106.55 82.46 -0.4 0.2047 0.259 0.2801 0
8 119.44 82.56 -0.3 0.3345 0.2801 0.1801 0
6 126.13 82.42 -1.1 0.0072 0.0189 0.0658 0
4 134.01 82.53 -0.9 0.6941 0.6941 0.6661 0
9 140.84 82.43 0.7 0.0017 0.0017 0.0023 0
4 147.79 82.42 0.2 0.1542 0.1636 0.1768 0
9 155.27 82.47 -0.9 0.001 0.001 0.0012 0
5 161.74 82.42 -1 0.7667 0.7667 0.7445 0
4 168.81 82.45 0.9 0.0041 0.0041 0.005 0
4 175.99 82.41 1 0.0072 0.0078 0.0097 0
4 183.14 82.58 -0.7 0.0189 0.022 0.029 0
8 197.85 82.58 -0.8 0.2047 0.259 0.2801 0
11 206.76 82.57 -1 0.632 0.6121 0.5605 0
4 213.89 82.5 0.7 0.1542 0.1636 0.1768 0
4 220.32 82.51 -0.7 0.0189 0.022 0.029 0
2 258.85 134.11 -89.2 0.9158 0.4045 0 1
8 259.15 144 -90.1 0.0546 0.06 0.0677 0
1 259.13 122.69 -88.9 0.9158 0.4045 0 0
4 259.14 115.23 -90.2 0.0119 0.0385 0.1247 0
7 259.24 95.94 -90.9 0.0546 0.0915 0.0461 0
11 273.89 82.41 -0.1 0.5924 0.5924 0.5795 0
7 281.65 82.47 -0.2 0.4045 0.4259 0.4479 0
4 287.71 82.57 -0.7 0.1542 0.1636 0.1768 0
4 300.93 82.4 -0.2 0.1542 0.1636 0.1768 0
8 307.92 82.55 -0.6 0.0017 0.0017 0.0023 0
9 315.32 82.6 0.5 0.0017 0.0017 0.0023 0
9 321.32 82.56 -0.9 0.4591 0.4045 0.2801 0
8 327.77 82.54 0.3 0.0072 0.0189 0.0658 0
9 335.29 82.57 0.6 0.0399 0.0546 0.0781 0
9 357.28 82.49 1.1 0.001 0.001 0.0012 0
8 364.92 82.44 -0.2 0.259 0.0097 0.0097 0
4 371.52 82.43 -0.6 0.0023 0.0037 0.0055 0
5 378.82 82.43 -0.3 0.1011 0.0029 0.0046 0
6 385.74 82.41 -1.1 0.0017 0.0017 0.0023 0
4 391.76 82.47 -0.3 0.0658 0.0385 0.021 0
6 398.73 82.45 0.3 0.001 0.001 0.0012 0
9 405.7 82.51 -0.9 0.148 0.2428 0.3587 0
9 -23.15 156.18 181 0.0017 0.0017 0.0023 0
5 -29.63 156 179.2 0.482 0.4936 0.5054 0
6 -37.81 156.03 179.9 0.0017 0.0017 0.0023 0
10 -53.83 156.06 179.9 0.0189 0.022 0.029 0
7 -61.11 156.19 180.7 0.7667 0.7667 0.7445 0
12 -68.91 156.17 179.6 0.632 0.6121 0.5605 0
2 -77.5 156.1 179.7 0.9158 0.4045 0 0
4 -84.57 156.1 180.3 0.2758 0.2932 0.3112 0
6 -92.04 156.02 180.7 0.0189 0.022 0.029 0
10 -106.69 156.03 180.5 0.1573 0.0066 0.0066 0
4 -113.67 156.17 180.9 0.0072 0.0189 0.0658 0
2 -119.78 156.07 180.5 0.9158 0.4045 0 0
4 -126.58 156.03 179.7 0.148 0.2428 0.3587 0
4 -133.11 156.04 179.9 0.0189 0.022 0.029 0
7 -140.24 156.1 180.9 0.021 0.043 0.0231 0
9 -147.57 156.07 179 0.021 0.043 0.0231 0
9 -154.64 156.08 179.4 0.0017 0.0017 0.0023 0
4 -162.39 156.16 180.6 0.1542 0.1636 0.1768 0
11 -176.12 156.06 180 0.68 0.68 0.6524 0
9 -182.82 156.17 180.5 0.021 0.043 0.0231 0
6 -190.44 156.15 179.9 0.148 0.2428 0.3587 0
9 -198.34 156.02 180.6 0.3345 0.2801 0.1801 0
9 -204.31 156.04 180.8 0.001 0.001 0.0012 0
4 -211.87 156.09 180 0.148 0.2428 0.3587 0
6 -225.41 156 179.3 0.0029 0.0033 0.0041 0
1 -139.62 163.55 181 0.9158 0.4045 0 1
7 -28.85 163.93 180.8 0.0658 0.0385 0.021 0
4 -36.62 163.82 181.1 0.0072 0.0078 0.0097 0
4 -44.82 163.98 181.1 0.1542 0.1636 0.1768 0
9 -52.45 163.89 179.5 0.0658 0.0385 0.021 0
2 -59.98 163.95 179.6 0.9158 0.4045 0 0
8 -66.56 163.93 180.9 0.001 0.001 0.0012 0
1 -81.28 163.96 180.5 0.9158 0.4045 0 0
1 -87.4 163.93 180.1 0.9158 0.4045 0 0
6 -101.38 163.82 178.9 0.0546 0.0915 0.0461 0
10 -110.43 163.84 180.1 0.2758 0.2932 0.3112 0
12 -119.22 163.91 179.2 0.632 0.6121 0.5605 0
9 -128.18 163.84 180.6 0.0017 0.0017 0.0023 0
1 -148.96 163.94 180 0.9158 0.4045 0 0
8 -155.41 163.98 179.9 0.3392 0.3537 0.3736 0
3 -161.99 163.87 179.5 0.9158 0.4045 0 0
1 -169.62 163.87 180.1 0.9158 0.4045 0 0
6 -175.84 163.81 178.9 0.1573 0.0066 0.0066 0
0 -190.32 163.81 181 0.9158 0.4045 0 0
9 -198.55 163.84 180.8 0.0029 0.0033 0.0041 0
6 -206.29 163.98 180 0.0242 0.0697 0.1975 0
6 -220.53 163.95 180.6 0.0014 0.0023 0.0037 0
3 -8.85 180.18 89.5 0.9158 0.4045 0 1
13 -8.8 210.67 90.4 0.7818 0.7818 0.7519 0
1 -9.22 192.28 89.9 0.9158 0.4045 0 0
1 104.6 156.45 179.2 0.9158 0.4045 0 1
3 222.99 156.09 180.6 0.9158 0.4045 0 0
4 215.64 156.02 179.3 0.0546 0.06 0.0677 0
7 207.63 156.05 180 0.0658 0.0385 0.021 0
9 200.43 156.02 179.6 0.0029 0.0033 0.0041 0
4 193.33 156.06 179.9 0.1542 0.1636 0.1768 0
4 186.46 156.14 179 0.6941 0.6941 0.6661 0
6 178.31 156.02 180.6 0.001 0.001 0.0012 0
5 170.64 156 180.4 0.4591 0.4045 0.2801 0
7 162.87 156.1 180.5 0.7969 0.7742 0.7083 0
8 155.69 156.09 179.5 0.0014 0.0023 0.0037 0
4 148.66 156.08 180.7 0.0546 0.0915 0.0461 0
8 142.2 156.11 180 0.0399 0.0546 0.0781 0
8 135.21 156.1 179.6 0.1573 0.0066 0.0066 0
7 127.15 156.1 179.6 0.1011 0.0029 0.0046 0
8 120.5 156.05 180.6 0.0658 0.0385 0.021 0
8 112.71 156.12 179.3 0.0546 0.06 0.0677 0
4 98.17 156.06 180.5 0.4591 0.4045 0.2801 0
7 91.77 156.13 180.3 0.021 0.043 0.0231 0
6 70.71 156.17 179.1 0.0119 0.0385 0.1247 0
6 63.76 156.09 180.2 0.0546 0.0915 0.0461 0
7 56.06 156.05 180 0.0189 0.022 0.029 0
7 49.53 156.18 181.1 0.2047 0.259 0.2801 0
4 41.48 156.09 180.7 0.6941 0.6941 0.6661 0
6 34.8 156.04 179.4 0.1573 0.0066 0.0066 0
4 27.63 156.18 179.2 0.148 0.2428 0.3587 0
9 240.71 183.19 89.3 0.0014 0.0023 0.0037 0
10 240.88 190.51 89.6 0.482 0.4936 0.5054 0
8 240.88 199.42 90.9 0.0029 0.0033 0.0041 0
5 240.83 206.44 90.2 0.2758 0.2932 0.3112 0
4 240.75 213.16 90.3 0.0023 0.0037 0.0055 0
11 240.84 222.43 89.6 0.68 0.68 0.6524 0
4 259.23 222.9 -90 0.6941 0.6941 0.6661 0
5 259.19 215.05 -90.8 0.7969 0.7742 0.7083 0
4 259.22 202.3 -90.9 0.021 0.043 0.0231 0
5 259.24 196.48 -90 0.482 0.4936 0.5054 0
9 259.18 190.15 -89.4 0.0017 0.0017 0.0023 0
3 276.6 156.45 179.2 0.3297 0.4313 0.0697 1
0 406.64 156.11 179.3 0.9158 0.4045 0 0
8 400.47 156.05 180.6 0.0119 0.0385 0.1247 0
8 393.74 156.12 180.8 0.001 0.001 0.0012 0
8 386.4 156.1 181.1 0.1542 0.1636 0.1768 0
9 378.54 156.02 179.2 0.0014 0.0023 0.0037 0
7 372.19 156.15 180.8 0.632 0.632 0.5989 0
0 365.05 156.1 180.7 0.9158 0.4045 0 0
1 358.44 156.02 179.1 0.9158 0.4045 0 0
11 349.62 156.1 179.6 0.68 0.68 0.6524 0
8 333.89 156.09 180.2 0.0017 0.0017 0.0023 0
5 311.35 156.01 179.3 0.0546 0.06 0.0677 0
4 304.64 156.06 179.1 0.482 0.4936 0.5054 0
4 297.28 156.08 179 0.2047 0.259 0.2801 0
10 287.82 156.06 180.2 0.0017 0.0017 0.002 0
4 408.19 163.8 179.4 0.2047 0.259 0.2801 0
6 386.68 163.94 181.1 0.0546 0.0915 0.0461 0
4 379.69 163.9 180.1 0.0041 0.0041 0.005 0
10 372.47 163.91 179.8 0.2758 0.2932 0.3112 0
6 364.8 163.96 178.9 0.2047 0.259 0.2801 0
10 356.72 163.89 180.6 0.482 0.4936 0.5054 0
11 347.67 163.89 179 0.5924 0.5924 0.5795 0
4 340.64 163.92 180.6 0.0658 0.0385 0.021 0
9 334.08 163.84 179.1 0.001 0.001 0.0012 0
9 326.66 163.82 180 0.0017 0.0017 0.0023 0
1 319.86 163.89 179.2 0.9158 0.4045 0 0
9 313.19 163.81 179 0.0399 0.0546 0.0781 0
7 300.09 163.89 179.3 0.0072 0.0189 0.0658 0
8 285.7 163.82 178.9 0.2758 0.2932 0.3112 0
3 -146.27 243.55 -0.8 0.9158 0.4045 0 1
7 -210.95 243.92 -0.3 0.1011 0.0029 0.0046 0
6 -202.78 243.84 0.4 0.4591 0.4045 0.2801 0
8 -196.16 243.95 0.5 0.0546 0.06 0.0677 0
8 -189.92 243.83 -0.2 0.4591 0.4045 0.2801 0
5 -183.72 243.93 0 0.0119 0.0385 0.1247 0
7 -176.65 243.91 -0.9 0.1573 0.0066 0.0066 0
6 -168.51 243.93 1 0.148 0.2428 0.3587 0
8 -161.41 243.82 0.1 0.001 0.001 0.0012 0
4 -153.8 243.88 -1.1 0.0119 0.0385 0.1247 0
7 -139.21 243.9 -0.1 0.0658 0.0385 0.021 0
8 -131.71 243.86 0.6 0.0892 0.0963 0.1062 0
4 -124.14 243.97 0.3 0.0892 0.0963 0.1062 0
8 -115.93 243.87 -0.6 0.0017 0.0017 0.0023 0
10 -107.74 243.93 0.7 0.0242 0.0697 0.1975 0
12 -98.9 243.83 -0.9 0.68 0.68 0.6524 0
5 -82.73 243.8 1.1 0.0072 0.0189 0.0658 0
8 -74.64 243.93 -0.9 0.1542 0.1636 0.1768 0
8 -61.42 243.95 -0.9 0.1542 0.1636 0.1768 0
6 -53.93 243.92 0 0.0892 0.0963 0.1062 0
11 -46.68 243.95 -0.5 0.632 0.6121 0.5605 0
5 -38.62 243.92 -0.1 0.0041 0.0041 0.005 0
8 -32.42 243.96 -1 0.0658 0.0385 0.021 0
4 -24.85 243.89 0 0.259 0.0097 0.0097 0
12 -155.11 237.15 -0.9 0.5924 0.5924 0.5795 1
4 -226.57 236.15 1 0.0242 0.0697 0.1975 0
5 -220.43 236.06 0.2 0.0072 0.0189 0.0658 0
10 -212.27 236.09 -0.5 0.0023 0.0037 0.0055 0
8 -204.8 236.2 1 0.0546 0.0915 0.0461 0
8 -198.65 236.07 0.7 0.001 0.001 0.0012 0
12 -189.04 236.11 -0.3 0.632 0.6121 0.5605 0
12 -178.43 236.16 -1.1 0.7012 0.687 0.6388 0
10 -161.09 236.14 0.3 0.0041 0.0041 0.005 0
7 -145.63 236.02 -0.8 0.482 0.4936 0.5054 0
9 -131.57 236.04 0.9 0.001 0.001 0.0012 0
4 -125.63 236.1 0.2 0.7667 0.7667 0.7445 0
10 -117.76 236.19 0.3 0.0072 0.0078 0.0097 0
7 -94.52 236.12 -0.1 0.6941 0.6941 0.6661 0
7 -79.32 236.02 0.6 0.0072 0.0078 0.0097 0
8 -73.03 236.07 0.5 0.0029 0.0033 0.0041 0
9 -64.82 236.08 -0.1 0.0017 0.0017 0.0023 0
8 -58.13 236.18 0 0.0546 0.0915 0.0461 0
4 -50.64 236.1 -0.5 0.3392 0.3537 0.3736 0
2 -42.81 236.18 -1 0.9158 0.4045 0 0
0 -34.53 236.08 1 0.9158 0.4045 0 0
9 -26.65 236.01 -0.2 0.0399 0.0546 0.0781 0
12 130.2 243.05 -0.2 0.68 0.68 0.6524 1
2 107.32 243.55 -0.4 0.9158 0.4045 0 1
1 24.95 243.95 -0.7 0.9158 0.4045 0 0
8 32.76 243.99 0.3 0.0017 0.0017 0.0023 0
7 39.71 243.99 0.5 0.7667 0.7667 0.7445 0
7 54.4 243.82 -0.7 0.021 0.043 0.0231 0
9 61.72 243.81 0.5 0.0546 0.0915 0.0461 0
7 68.93 243.94 1.1 0.0399 0.0546 0.0781 0
5 76.88 243.81 0.5 0.2758 0.2932 0.3112 0
7 84.81 243.91 -0.4 0.0017 0.0017 0.002 0
8 92.52 243.82 -0.2 0.1542 0.1636 0.1768 0
5 120.34 243.89 -0.7 0.6941 0.6941 0.6661 0
7 141.27 243.92 -0.6 0.0041 0.0041 0.005 0
2 148.82 243.86 -0.6 0.9158 0.4045 0 0
3 155.44 243.96 0.1 0.9158 0.4045 0 0
6 162.53 243.85 0.7 0.1542 0.1636 0.1768 0
4 169.17 243.97 -0.7 0.0041 0.0041 0.005 0
5 176.71 243.98 -0.4 0.148 0.2428 0.3587 0
8 183.66 243.84 -0.6 0.0546 0.0915 0.0461 0
6 191.37 244 0.7 0.0546 0.06 0.0677 0
6 197.94 243.99 0.8 0.0017 0.0017 0.0023 0
7 204.08 243.88 1 0.7969 0.7742 0.7083 0
7 211 243.84 0 0.0892 0.0963 0.1062 0
3 218.89 243.88 -0.4 0.3297 0.4313 0.0697 0
11 228.06 243.98 0.5 0.632 0.6121 0.5605 0
