# P6 city life pedestrian graph: generated by tools/life/export_lanes.mjs (do not edit)
B -262 -512 514 256
P 0 -236.8 -469.02
P 1 -13.2 -469.02
P 2 13.2 -490.98
P 3 13.2 -469.02
P 4 236.8 -490.98
P 5 236.8 -469.02
P 6 263.2 -490.98
P 7 263.2 -469.02
P 8 416.8 -490.98
P 9 416.8 -469.02
P 10 443.2 -490.98
P 11 443.2 -469.02
P 12 -236.8 -406.98
P 13 -236.8 -393.02
P 14 -13.2 -406.98
P 15 -13.2 -393.02
P 16 13.2 -406.98
P 17 13.2 -393.02
P 18 236.8 -406.98
P 19 236.8 -393.02
P 20 263.2 -406.98
P 21 263.2 -393.02
P 22 416.8 -406.98
P 23 416.8 -393.02
P 24 443.2 -406.98
P 25 443.2 -393.02
P 26 -236.8 -326.98
P 27 -236.8 -313.02
P 28 -13.2 -313.02
P 29 13.2 -326.98
P 30 13.2 -313.02
P 31 236.8 -326.98
P 32 236.8 -313.02
P 33 263.2 -326.98
P 34 263.2 -313.02
P 35 416.8 -326.98
P 36 416.8 -313.02
P 37 443.2 -326.98
P 38 443.2 -313.02
P 39 -236.8 -246.98
P 40 -236.8 -233.02
P 41 -13.2 -246.98
P 42 -13.2 -233.02
P 43 13.2 -246.98
P 44 13.2 -233.02
P 45 236.8 -246.98
P 46 236.8 -233.02
P 47 263.2 -246.98
P 48 263.2 -233.02
P 49 416.8 -246.98
P 50 416.8 -233.02
P 51 443.2 -246.98
P 52 443.2 -233.02
P 53 -236.8 -166.98
P 54 -236.8 -153.02
P 55 -13.2 -166.98
P 56 -13.2 -153.02
P 57 13.2 -166.98
P 58 13.2 -153.02
P 59 236.8 -166.98
P 60 236.8 -153.02
P 61 263.2 -166.98
P 62 263.2 -153.02
P 63 416.8 -166.98
P 64 416.8 -153.02
P 65 443.2 -166.98
P 66 -236.8 -86.98
P 67 -236.8 -73.02
P 68 -13.2 -86.98
P 69 -13.2 -73.02
P 70 13.2 -86.98
P 71 13.2 -73.02
P 72 236.8 -86.98
P 73 236.8 -73.02
P 74 263.2 -86.98
P 75 263.2 -73.02
P 76 416.8 -86.98
P 77 416.8 -73.02
P 78 443.2 -73.02
P 79 -236.8 -6.98
P 80 -236.8 6.98
P 81 -13.2 -6.98
P 82 -13.2 6.98
P 83 13.2 -6.98
P 84 13.2 6.98
P 85 236.8 -6.98
P 86 236.8 6.98
P 87 263.2 -6.98
P 88 263.2 6.98
P 89 416.8 -6.98
P 90 416.8 6.98
P 91 443.2 -6.98
P 92 443.2 6.98
P 93 -236.8 74.27
P 94 -236.8 85.73
P 95 -13.2 74.27
P 96 -13.2 85.73
P 97 13.2 74.27
P 98 13.2 85.73
P 99 236.8 74.27
P 100 236.8 85.73
P 101 263.2 74.27
P 102 263.2 85.73
P 103 416.8 74.27
P 104 416.8 85.73
P 105 443.2 74.27
P 106 443.2 85.73
P 107 -236.8 153.02
P 108 -236.8 166.98
P 109 -13.2 153.02
P 110 -13.2 166.98
P 111 13.2 153.02
P 112 13.2 166.98
P 113 236.8 153.02
P 114 236.8 166.98
P 115 263.2 153.02
P 116 263.2 166.98
P 117 416.8 153.02
P 118 416.8 166.98
P 119 443.2 153.02
P 120 443.2 166.98
P 121 -236.8 233.02
P 122 -236.8 246.98
P 123 -13.2 233.02
P 124 -13.2 246.98
P 125 13.2 233.02
P 126 13.2 246.98
P 127 236.8 233.02
P 128 236.8 246.98
P 129 263.2 233.02
P 130 263.2 246.98
P 131 416.8 233.02
P 132 416.8 246.98
P 133 443.2 233.02
P 134 443.2 246.98
E 0 0 12 0 0 62.04
E 1 1 14 0 0 62.04
E 2 3 16 0 0 62.04
E 3 2 4 0 1 223.6
E 4 3 5 0 1 223.6
E 5 5 18 0 0 62.04
E 6 7 20 0 0 62.04
E 7 6 8 0 1 153.6
E 8 7 9 0 1 153.6
E 9 9 22 0 0 62.04
E 10 11 24 0 0 62.04
E 11 8 10 1 0 26.4
E 12 9 11 1 0 26.4
E 13 8 9 1 1 21.96
E 14 10 11 1 1 21.96
E 15 13 26 0 0 66.04
E 16 12 13 1 1 13.96
E 17 17 29 0 0 66.04
E 18 16 18 0 1 223.6
E 19 17 19 0 1 223.6
E 20 14 16 1 0 26.4
E 21 15 17 1 0 26.4
E 22 14 15 1 1 13.96
E 23 16 17 1 1 13.96
E 24 19 31 0 0 66.04
E 25 21 33 0 0 66.04
E 26 20 22 0 1 153.6
E 27 21 23 0 1 153.6
E 28 18 20 1 0 26.4
E 29 18 19 1 1 13.96
E 30 23 35 0 0 66.04
E 31 25 37 0 0 66.04
E 32 22 24 1 0 26.4
E 33 23 25 1 0 26.4
E 34 22 23 1 1 13.96
E 35 24 25 1 1 13.96
E 36 27 39 0 0 66.04
E 37 27 28 0 1 223.6
E 38 26 27 1 1 13.96
E 39 28 41 0 0 66.04
E 40 30 43 0 0 66.04
E 41 29 31 0 1 223.6
E 42 30 32 0 1 223.6
E 43 28 30 1 0 26.4
E 44 29 30 1 1 13.96
E 45 32 45 0 0 66.04
E 46 34 47 0 0 66.04
E 47 33 35 0 1 153.6
E 48 34 36 0 1 153.6
E 49 36 49 0 0 66.04
E 50 38 51 0 0 66.04
E 51 35 37 1 0 26.4
E 52 36 38 1 0 26.4
E 53 35 36 1 1 13.96
E 54 37 38 1 1 13.96
E 55 40 53 0 0 66.04
E 56 39 41 0 1 223.6
E 57 40 42 0 1 223.6
E 58 39 40 1 1 13.96
E 59 42 55 0 0 66.04
E 60 44 57 0 0 66.04
E 61 43 45 0 1 223.6
E 62 44 46 0 1 223.6
E 63 41 43 1 0 26.4
E 64 42 44 1 0 26.4
E 65 41 42 1 1 13.96
E 66 43 44 1 1 13.96
E 67 46 59 0 0 66.04
E 68 48 61 0 0 66.04
E 69 47 49 0 1 153.6
E 70 48 50 0 1 153.6
E 71 45 47 1 0 26.4
E 72 46 48 1 0 26.4
E 73 45 46 1 1 13.96
E 74 47 48 1 1 13.96
E 75 50 63 0 0 66.04
E 76 52 65 0 0 66.04
E 77 49 51 1 0 26.4
E 78 50 52 1 0 26.4
E 79 49 50 1 1 13.96
E 80 51 52 1 1 13.96
E 81 54 66 0 0 66.04
E 82 53 55 0 1 223.6
E 83 54 56 0 1 223.6
E 84 56 68 0 0 66.04
E 85 58 70 0 0 66.04
E 86 57 59 0 1 223.6
E 87 58 60 0 1 223.6
E 88 55 57 1 0 26.4
E 89 56 58 1 0 26.4
E 90 55 56 1 1 13.96
E 91 57 58 1 1 13.96
E 92 60 72 0 0 66.04
E 93 62 74 0 0 66.04
E 94 61 63 0 1 153.6
E 95 62 64 0 1 153.6
E 96 59 61 1 0 26.4
E 97 63 65 1 0 26.4
E 98 67 79 0 0 66.04
E 99 66 68 0 1 223.6
E 100 67 69 0 1 223.6
E 101 70 72 0 1 223.6
E 102 71 73 0 1 223.6
E 103 68 70 1 0 26.4
E 104 73 85 0 0 66.04
E 105 75 87 0 0 66.04
E 106 74 76 0 1 153.6
E 107 75 77 0 1 153.6
E 108 72 74 1 0 26.4
E 109 73 75 1 0 26.4
E 110 72 73 1 1 13.96
E 111 74 75 1 1 13.96
E 112 77 89 0 0 66.04
E 113 78 91 0 0 66.04
E 114 77 78 1 0 26.4
E 115 80 93 0 0 67.29
E 116 79 81 0 1 223.6
E 117 80 82 0 1 223.6
E 118 79 80 1 1 13.96
E 119 82 95 0 0 67.29
E 120 84 97 0 0 67.29
E 121 83 85 0 1 223.6
E 122 84 86 0 1 223.6
E 123 86 99 0 0 67.29
E 124 88 101 0 0 67.29
E 125 87 89 0 1 153.6
E 126 88 90 0 1 153.6
E 127 85 86 1 1 13.96
E 128 90 103 0 0 67.29
E 129 92 105 0 0 67.29
E 130 89 91 1 0 26.4
E 131 90 92 1 0 26.4
E 132 89 90 1 1 13.96
E 133 91 92 1 1 13.96
E 134 94 107 0 0 67.29
E 135 93 95 0 1 223.6
E 136 94 96 0 1 223.6
E 137 96 109 0 0 67.29
E 138 98 111 0 0 67.29
E 139 97 99 0 1 223.6
E 140 98 100 0 1 223.6
E 141 95 97 1 0 26.4
E 142 97 98 1 1 11.46
E 143 100 113 0 0 67.29
E 144 102 115 0 0 67.29
E 145 101 103 0 1 153.6
E 146 102 104 0 1 153.6
E 147 99 101 1 0 26.4
E 148 104 117 0 0 67.29
E 149 106 119 0 0 67.29
E 150 103 105 1 0 26.4
E 151 104 106 1 0 26.4
E 152 103 104 1 1 11.46
E 153 105 106 1 1 11.46
E 154 108 121 0 0 66.04
E 155 107 109 0 1 223.6
E 156 108 110 0 1 223.6
E 157 107 108 1 1 13.96
E 158 110 123 0 0 66.04
E 159 112 125 0 0 66.04
E 160 111 113 0 1 223.6
E 161 112 114 0 1 223.6
E 162 114 127 0 0 66.04
E 163 116 129 0 0 66.04
E 164 115 117 0 1 153.6
E 165 116 118 0 1 153.6
E 166 115 116 1 1 13.96
E 167 118 131 0 0 66.04
E 168 120 133 0 0 66.04
E 169 117 119 1 0 26.4
E 170 118 120 1 0 26.4
E 171 117 118 1 1 13.96
E 172 119 120 1 1 13.96
E 173 121 123 0 1 223.6
E 174 122 124 0 1 223.6
E 175 125 127 0 1 223.6
E 176 126 128 0 1 223.6
E 177 129 131 0 1 153.6
E 178 130 132 0 1 153.6
E 179 128 130 1 0 26.4
E 180 131 133 1 0 26.4
E 181 132 134 1 0 26.4
E 182 131 132 1 1 13.96
E 183 133 134 1 1 13.96
