(16, 0.477, 3252, 44.2)
(31, 0.523, 3299, 46.2)
(46, 0.525, 3098, 44.6)
(61, 0.614, 2945, 45.1)
(76, 0.652, 2445, 35.8)
(91, 0.664, 2124, 31.9)
(106, 0.656, 2267, 30.5)
(121, 0.624, 2288, 27.7)
(136, 0.675, 1964, 27.3)
(151, 0.612, 2058, 31.9)
(166, 0.642, 1885, 30.8)
(181, 0.601, 1610, 26.4)
(196, 0.612, 1593, 23.7)
(211, 0.569, 1472, 24.6)
(226, 0.606, 1410, 21.1)
(241, 0.624, 1373, 23.1)
(256, 0.643, 1415, 21.3)
(271, 0.63, 1335, 20.2)
(286, 0.635, 1311, 18.7)
(301, 0.619, 1298, 18.9)
(316, 0.635, 1306, 19.8)
(331, 0.629, 1308, 18.7)
(346, 0.699, 1504, 21.8)
(361, 0.674, 1355, 22.9)
(376, 0.664, 1509, 24.4)
(391, 0.671, 1539, 23.7)
(406, 0.6, 1472, 21.3)
(421, 0.599, 1426, 21.3)
(436, 0.64, 1334, 23.7)
(451, 0.695, 1186, 20.2)
(466, 0.752, 1018, 15.4)
(481, 0.807, 1041, 17.4)
(496, 0.787, 1222, 19.3)
(511, 0.838, 1012, 17.6)
(526, 0.798, 832, 12.3)
(541, 0.793, 724, 10.8)
(556, 0.81, 420, 5.1)
(571, 0.795, 404, 5.7)
(586, 0.817, 390, 2.6)
pairs 39 min 0.477 mean 0.664
