(16, 0.483, 3092, 41.8)
(31, 0.539, 2997, 42.6)
(46, 0.546, 2825, 41.8)
(61, 0.623, 2679, 41.8)
(76, 0.659, 2184, 31.0)
(91, 0.667, 1897, 30.1)
(106, 0.667, 2051, 27.9)
(121, 0.632, 2095, 25.5)
(136, 0.682, 1857, 24.6)
(151, 0.624, 1826, 27.0)
(166, 0.654, 1632, 26.8)
(181, 0.609, 1440, 23.7)
(196, 0.638, 1416, 21.5)
(211, 0.575, 1335, 22.0)
(226, 0.629, 1302, 17.8)
(241, 0.635, 1255, 20.0)
(256, 0.67, 1259, 18.7)
(271, 0.632, 1209, 17.1)
(286, 0.655, 1172, 17.8)
(301, 0.623, 1142, 14.5)
(316, 0.642, 1123, 14.9)
(331, 0.653, 1144, 17.4)
(346, 0.693, 1299, 18.7)
(361, 0.683, 1212, 19.8)
(376, 0.689, 1324, 20.0)
(391, 0.681, 1350, 20.7)
(406, 0.617, 1362, 19.8)
(421, 0.619, 1319, 20.7)
(436, 0.639, 1183, 20.7)
(451, 0.693, 1026, 16.9)
(466, 0.742, 862, 13.6)
(481, 0.84, 906, 13.4)
(496, 0.804, 1085, 17.8)
(511, 0.865, 905, 17.1)
(526, 0.806, 763, 10.8)
(541, 0.815, 673, 9.2)
(556, 0.807, 366, 4.4)
(571, 0.829, 331, 4.6)
(586, 0.836, 308, 2.2)
pairs 39 min 0.483 mean 0.677
