run                                 hits lnch air fin web  kos   gap en>=5  marg  occ%  occF   dmg
seed11                                33    3   9   2   5    7  0.90  1.00 0.057   8.8     0    66
seed12                                37    3   9   2   5    7  1.12  1.00 0.057  17.3     5   111
seed13                                38    3   9   2   4    6  0.90  0.91 0.057  16.4     1    84
seed14                                37    3   9   2   3    5  0.90  0.96 0.057  17.4     2   135
seed15                                17    0   0   2   3    4  1.23  0.89 0.055  24.0     9   102
seed16                                34    3   9   2   4    4  0.88  1.00 0.056  11.1     0    93
seed17                                27    3   6   0   4    3  0.90  1.00 0.056   6.8     0   131
seed18                                33    3   9   1   4    5  0.90  0.88 0.059  17.2     3    96
seed19                                36    3   9   2   4    8  0.90  0.95 0.056  15.2     1   143
seed20                                34    3   9   0   4    5  0.90  0.94 0.056  16.9     1   156
seed21                                34    3   9   2   3    6  0.90  1.00 0.056   8.1     0   111
seed22                                37    3   9   1   4    5  0.90  1.00 0.055  10.3     0    99
seed23                                42    3   9   2   5    6  0.80  0.96 0.058   7.4     0   114
seed24                                40    3   9   1   4    5  0.90  0.98 0.056  16.7     3   120
seed25                                35    3   9   2   5    6  0.90  0.97 0.057   7.8     0    84
seed26                                34    3   9   1   4    5  0.83  0.95 0.057  13.8     0   158
