# P6 city life signals: generated by tools/life/export_signals.py from the P1 layout.json (do not edit)  columns: M mast | P post, x, z (browser m), yaw ry (rad)
M -238.100 -3365.900 -1.5708
M 11.900 -3365.900 -1.5708
M -11.900 -3354.100 1.5708
M -238.100 -3284.650 -1.5708
M -11.900 -3275.350 1.5708
M -238.100 -3205.900 -1.5708
M -11.900 -3194.100 1.5708
M 261.900 -3205.900 -1.5708
M 238.100 -3194.100 1.5708
M -11.900 -3114.100 1.5708
M -418.100 -3044.650 -1.5708
M -441.900 -3035.350 1.5708
M 11.900 -2885.900 -1.5708
M 261.900 -2885.900 -1.5708
M 238.100 -2874.100 1.5708
M 441.900 -2885.900 -1.5708
M -441.900 -2790.100 1.5708
M -11.900 -2790.100 1.5708
M 261.900 -2809.900 -1.5708
M 238.100 -2790.100 1.5708
M -418.100 -2724.650 -1.5708
M 11.900 -2724.650 -1.5708
M -11.900 -2715.350 1.5708
M 261.900 -2724.650 -1.5708
M 238.100 -2715.350 1.5708
M -418.100 -2645.900 -1.5708
M -238.100 -2645.900 -1.5708
M 11.900 -2645.900 -1.5708
M 261.900 -2645.900 -1.5708
M -418.100 -2565.900 -1.5708
M -238.100 -2565.900 -1.5708
M 261.900 -2565.900 -1.5708
M 238.100 -2554.100 1.5708
M -441.900 -2470.100 1.5708
M -418.100 -2405.900 -1.5708
M -11.900 -2394.100 1.5708
M 261.900 -2405.900 -1.5708
M 238.100 -2394.100 1.5708
M -441.900 -2315.350 1.5708
M -238.100 -2324.650 -1.5708
M 11.900 -2324.650 -1.5708
M -11.900 -2315.350 1.5708
M 261.900 -2324.650 -1.5708
M -238.100 -2245.900 -1.5708
M 11.900 -2245.900 -1.5708
M 261.900 -2245.900 -1.5708
M 238.100 -2234.100 1.5708
M 621.900 -2245.900 -1.5708
M -418.100 -2165.900 -1.5708
M -441.900 -2154.100 1.5708
M -11.900 -2154.100 1.5708
M 261.900 -2165.900 -1.5708
M 238.100 -2154.100 1.5708
M 621.900 -2165.900 -1.5708
M -418.100 -2085.900 -1.5708
M -238.100 -2085.900 -1.5708
M 238.100 -2074.100 1.5708
M 621.900 -2085.900 -1.5708
M -441.900 -1994.100 1.5708
M -238.100 -2005.900 -1.5708
M 238.100 -1994.100 1.5708
M 598.100 -1994.100 1.5708
M -418.100 -1924.650 -1.5708
M -238.100 -1924.650 -1.5708
M 261.900 -1924.650 -1.5708
M 238.100 -1915.350 1.5708
M -418.100 -1845.900 -1.5708
M -238.100 -1845.900 -1.5708
M 238.100 -1834.100 1.5708
M 598.100 -1834.100 1.5708
M -598.100 -1764.650 -1.5708
M -621.900 -1755.350 1.5708
M -418.100 -1764.650 -1.5708
M -238.100 -1764.650 -1.5708
M 238.100 -1755.350 1.5708
M 598.100 -1755.350 1.5708
M -621.900 -1670.100 1.5708
M -238.100 -1689.900 -1.5708
M 238.100 -1670.100 1.5708
M 598.100 -1670.100 1.5708
M -621.900 -1594.100 1.5708
M -418.100 -1605.900 -1.5708
M -441.900 -1594.100 1.5708
M -238.100 -1605.900 -1.5708
M 238.100 -1594.100 1.5708
M 598.100 -1594.100 1.5708
M -621.900 -1514.100 1.5708
M -238.100 -1525.900 -1.5708
M 261.900 -1525.900 -1.5708
M 238.100 -1514.100 1.5708
M -598.100 -1444.650 -1.5708
M -621.900 -1435.350 1.5708
M -238.100 -1444.650 -1.5708
M 238.100 -1435.350 1.5708
M -621.900 -1354.100 1.5708
M -441.900 -1354.100 1.5708
M -238.100 -1365.900 -1.5708
M 238.100 -1354.100 1.5708
M 598.100 -1354.100 1.5708
M -598.100 -1285.900 -1.5708
M -621.900 -1274.100 1.5708
M -418.100 -1285.900 -1.5708
M -238.100 -1285.900 -1.5708
M 238.100 -1274.100 1.5708
M -598.100 -1209.900 -1.5708
M -441.900 -1190.100 1.5708
M -238.100 -1209.900 -1.5708
M 238.100 -1190.100 1.5708
M -621.900 -1114.100 1.5708
M -418.100 -1125.900 -1.5708
M -238.100 -1125.900 -1.5708
M 238.100 -1114.100 1.5708
M -621.900 -1034.100 1.5708
M -238.100 -1045.900 -1.5708
M 261.900 -1045.900 -1.5708
M 238.100 -1034.100 1.5708
M 598.100 -1034.100 1.5708
M -418.100 -965.900 -1.5708
M -441.900 -954.100 1.5708
M -238.100 -965.900 -1.5708
M 261.900 -965.900 -1.5708
M 238.100 -954.100 1.5708
M -621.900 -874.100 1.5708
M -238.100 -885.900 -1.5708
M 261.900 -885.900 -1.5708
M 238.100 -874.100 1.5708
M -418.100 -805.900 -1.5708
M -441.900 -794.100 1.5708
M -238.100 -805.900 -1.5708
M 238.100 -794.100 1.5708
M 598.100 -794.100 1.5708
M -238.100 -725.900 -1.5708
M 238.100 -714.100 1.5708
M -238.100 -645.900 -1.5708
M -261.900 -634.100 1.5708
M 238.100 -634.100 1.5708
M -598.100 -565.900 -1.5708
M -621.900 -554.100 1.5708
M -418.100 -565.900 -1.5708
M 11.900 -565.900 -1.5708
M -11.900 -554.100 1.5708
M 238.100 -554.100 1.5708
M 598.100 -554.100 1.5708
M -621.900 -470.100 1.5708
M -418.100 -489.900 -1.5708
M -441.900 -470.100 1.5708
M -238.100 -489.900 -1.5708
M 11.900 -489.900 -1.5708
M -11.900 -470.100 1.5708
M 261.900 -489.900 -1.5708
M 238.100 -470.100 1.5708
M 261.900 -325.900 -1.5708
M 238.100 -314.100 1.5708
M 598.100 -314.100 1.5708
M -598.100 -245.900 -1.5708
M -621.900 -154.100 1.5708
M -238.100 -165.900 -1.5708
M 238.100 -154.100 1.5708
M 418.100 -154.100 1.5708
M -11.900 -74.100 1.5708
M 441.900 -85.900 -1.5708
M 598.100 -74.100 1.5708
M -598.100 -5.900 -1.5708
M -441.900 5.900 1.5708
M 11.900 -5.900 -1.5708
M -11.900 5.900 1.5708
M 261.900 -5.900 -1.5708
M -598.100 75.350 -1.5708
M -621.900 84.650 1.5708
M -441.900 84.650 1.5708
M -11.900 84.650 1.5708
M 238.100 84.650 1.5708
M 598.100 84.650 1.5708
M -598.100 154.100 -1.5708
M -621.900 165.900 1.5708
M -441.900 165.900 1.5708
M 11.900 154.100 -1.5708
M -11.900 165.900 1.5708
M 238.100 165.900 1.5708
M 598.100 165.900 1.5708
M -598.100 234.100 -1.5708
M -621.900 245.900 1.5708
M -441.900 245.900 1.5708
M 11.900 234.100 -1.5708
M -11.900 245.900 1.5708
M 261.900 234.100 -1.5708
M -598.100 314.100 -1.5708
M -621.900 325.900 1.5708
M 238.100 325.900 1.5708
M -598.100 394.100 -1.5708
M -621.900 405.900 1.5708
M -598.100 474.100 -1.5708
M -621.900 485.900 1.5708
M -11.900 485.900 1.5708
M 261.900 474.100 -1.5708
M -621.900 565.900 1.5708
M -238.100 554.100 -1.5708
M 11.900 554.100 -1.5708
M -11.900 565.900 1.5708
M 598.100 565.900 1.5708
M -441.900 645.900 1.5708
M -261.900 645.900 1.5708
M 261.900 634.100 -1.5708
M 238.100 645.900 1.5708
M -11.900 805.900 1.5708
M 598.100 805.900 1.5708
M -11.900 885.900 1.5708
M 238.100 885.900 1.5708
M -11.900 965.900 1.5708
M 261.900 954.100 -1.5708
M 238.100 1045.900 1.5708
M 598.100 1045.900 1.5708
M -11.900 1125.900 1.5708
M 261.900 1114.100 -1.5708
M 261.900 1194.100 -1.5708
M 238.100 1205.900 1.5708
M 598.100 1205.900 1.5708
M -11.900 1285.900 1.5708
M 261.900 1274.100 -1.5708
M 598.100 1285.900 1.5708
M -418.100 1354.100 -1.5708
M -238.100 1354.100 -1.5708
M 238.100 1365.900 1.5708
M -238.100 1595.350 -1.5708
M 11.900 1595.350 -1.5708
M -11.900 1604.650 1.5708
M 238.100 1604.650 1.5708
M -598.100 1674.100 -1.5708
M -621.900 1685.900 1.5708
M -418.100 1674.100 -1.5708
M 11.900 1674.100 -1.5708
M -621.900 1764.650 1.5708
M 11.900 1755.350 -1.5708
M 261.900 1755.350 -1.5708
M 598.100 1764.650 1.5708
M -598.100 1834.100 -1.5708
M -621.900 1845.900 1.5708
M -418.100 1834.100 -1.5708
M -441.900 1845.900 1.5708
M 11.900 1834.100 -1.5708
M -11.900 1845.900 1.5708
M -621.900 1925.900 1.5708
M -418.100 1914.100 -1.5708
M 598.100 1925.900 1.5708
M -441.900 2005.900 1.5708
M 238.100 2005.900 1.5708
M -441.900 2085.900 1.5708
M -11.900 2085.900 1.5708
M 261.900 2074.100 -1.5708
M 238.100 2085.900 1.5708
M 11.900 2154.100 -1.5708
M 598.100 2165.900 1.5708
M 598.100 2325.900 1.5708
M -441.900 2405.900 1.5708
M -261.900 2405.900 1.5708
M -11.900 2405.900 1.5708
M 418.100 2405.900 1.5708
P -261.900 -3365.900 0.0000
P -11.900 -3365.900 0.0000
P -238.100 -3275.350 3.1416
P -11.900 -3205.900 0.0000
P 238.100 -3205.900 0.0000
P 261.900 -3114.100 3.1416
P -441.900 -3044.650 0.0000
P -441.900 -2885.900 0.0000
P -11.900 -2885.900 0.0000
P 418.100 -2885.900 0.0000
P -418.100 -2790.100 3.1416
P -238.100 -2790.100 3.1416
P 11.900 -2790.100 3.1416
P 261.900 -2790.100 3.1416
P 261.900 -2634.100 3.1416
P 238.100 -2565.900 0.0000
P -441.900 -2489.900 0.0000
P 261.900 -2470.100 3.1416
P -418.100 -2315.350 3.1416
P 261.900 -2315.350 3.1416
P 598.100 -2245.900 0.0000
P -418.100 -2154.100 3.1416
P -238.100 -2154.100 3.1416
P 11.900 -2154.100 3.1416
P 621.900 -2154.100 3.1416
P 238.100 -2085.900 0.0000
P 598.100 -2085.900 0.0000
P -418.100 -1994.100 3.1416
P -238.100 -1994.100 3.1416
P -441.900 -1924.650 0.0000
P 238.100 -1924.650 0.0000
P -238.100 -1834.100 3.1416
P -621.900 -1764.650 0.0000
P 238.100 -1764.650 0.0000
P 598.100 -1764.650 0.0000
P -621.900 -1689.900 0.0000
P -238.100 -1670.100 3.1416
P 238.100 -1689.900 0.0000
P 598.100 -1689.900 0.0000
P -621.900 -1605.900 0.0000
P -441.900 -1605.900 0.0000
P 238.100 -1605.900 0.0000
P -418.100 -1514.100 3.1416
P -238.100 -1514.100 3.1416
P 261.900 -1514.100 3.1416
P -621.900 -1444.650 0.0000
P 238.100 -1444.650 0.0000
P 598.100 -1444.650 0.0000
P -418.100 -1354.100 3.1416
P -238.100 -1354.100 3.1416
P -621.900 -1285.900 0.0000
P 238.100 -1285.900 0.0000
P -238.100 -1190.100 3.1416
P 238.100 -1209.900 0.0000
P -621.900 -1125.900 0.0000
P 238.100 -1125.900 0.0000
P -598.100 -1034.100 3.1416
P -238.100 -1034.100 3.1416
P -621.900 -965.900 0.0000
P 238.100 -965.900 0.0000
P -418.100 -874.100 3.1416
P -238.100 -874.100 3.1416
P 261.900 -874.100 3.1416
P -441.900 -805.900 0.0000
P 238.100 -805.900 0.0000
P 598.100 -805.900 0.0000
P -238.100 -714.100 3.1416
P 238.100 -645.900 0.0000
P -418.100 -554.100 3.1416
P 261.900 -554.100 3.1416
P -621.900 -489.900 0.0000
P -261.900 -489.900 0.0000
P -11.900 -489.900 0.0000
P 11.900 -470.100 3.1416
P 238.100 -489.900 0.0000
P -598.100 -394.100 3.1416
P 261.900 -394.100 3.1416
P 238.100 -325.900 0.0000
P -441.900 -165.900 0.0000
P -598.100 -74.100 3.1416
P -238.100 -74.100 3.1416
P 11.900 -74.100 3.1416
P -621.900 -5.900 0.0000
P -441.900 -5.900 0.0000
P -11.900 -5.900 0.0000
P 598.100 -5.900 0.0000
P -238.100 84.650 3.1416
P 261.900 84.650 3.1416
P -11.900 154.100 0.0000
P 238.100 154.100 0.0000
P -598.100 245.900 3.1416
P -238.100 245.900 3.1416
P -598.100 405.900 3.1416
P -621.900 474.100 0.0000
P 238.100 474.100 0.0000
P -238.100 565.900 3.1416
P 11.900 565.900 3.1416
P 238.100 634.100 0.0000
P 598.100 634.100 0.0000
P -11.900 794.100 0.0000
P 598.100 794.100 0.0000
P 261.900 885.900 3.1416
P -11.900 954.100 0.0000
P 238.100 954.100 0.0000
P 598.100 954.100 0.0000
P -11.900 1114.100 0.0000
P 238.100 1114.100 0.0000
P 261.900 1205.900 3.1416
P -11.900 1274.100 0.0000
P 238.100 1274.100 0.0000
P 238.100 1434.100 0.0000
P -621.900 1595.350 0.0000
P -11.900 1595.350 0.0000
P -598.100 1685.900 3.1416
P -238.100 1685.900 3.1416
P -621.900 1755.350 0.0000
P 598.100 1755.350 0.0000
P -621.900 1914.100 0.0000
P -441.900 1914.100 0.0000
P -11.900 1914.100 0.0000
P 238.100 1914.100 0.0000
P -238.100 2005.900 3.1416
P 11.900 2005.900 3.1416
P 598.100 2074.100 0.0000
P -418.100 2165.900 3.1416
P 261.900 2165.900 3.1416
P 621.900 2325.900 3.1416
P -526.548 711.864 1.5361
P -518.921 725.637 -1.6055
P -526.778 725.550 3.1416
P -515.778 714.450 0.0000
P -529.100 785.362 1.5361
P -521.300 794.138 -1.6055
P -532.208 793.550 3.1416
P -521.208 786.450 0.0000
P -532.173 873.863 1.5361
P -524.511 886.637 -1.6055
P -535.333 886.550 3.1416
P -524.333 873.450 0.0000
P -534.829 950.362 1.5361
P -527.029 959.138 -1.6055
P -537.938 959.050 3.1416
P -526.938 950.950 0.0000
P -537.711 1033.363 1.5361
P -530.067 1046.637 -1.6055
P -540.889 1047.050 3.1416
P -529.889 1032.950 0.0000
P -540.211 1105.362 1.5361
P -532.411 1114.138 -1.6055
P -543.319 1113.550 3.1416
P -532.319 1106.450 0.0000
P -543.301 1194.363 1.5361
P -535.605 1206.137 -1.6055
P -543.444 1205.550 3.1416
P -534.944 1194.450 0.0000
P -546.461 1285.362 1.5361
P -538.747 1296.637 -1.6055
P -549.569 1294.050 3.1416
P -538.569 1285.950 0.0000
P -434.163 711.723 1.6041
P -420.587 725.778 -1.5375
P -436.333 725.550 3.1416
P -420.333 714.450 0.0000
P -431.763 783.722 1.6041
P -418.237 796.278 -1.5375
P -431.000 793.550 3.1416
P -418.500 786.450 0.0000
P -428.780 873.222 1.6041
P -416.218 887.192 -1.6828
P -429.500 886.550 3.1416
P -415.500 873.450 0.0000
P -436.499 950.293 1.4588
P -424.376 959.707 -1.6828
P -436.938 959.050 3.1416
P -423.438 950.950 0.0000
P -445.782 1032.808 1.4588
P -434.129 1047.119 -1.6705
P -447.000 1047.050 3.1416
P -433.000 1032.950 0.0000
P -453.119 1105.368 1.4711
P -440.881 1114.632 -1.6705
P -453.500 1113.550 3.1416
P -440.000 1106.450 0.0000
P -461.771 1191.885 1.4711
P -450.229 1208.115 -1.6705
P -463.000 1205.550 3.1416
P -449.000 1194.450 0.0000
P -471.119 1285.368 1.4711
P -458.881 1294.632 -1.6705
P -472.000 1294.050 3.1416
P -458.500 1285.950 0.0000
P -270.774 712.505 1.3654
P -262.559 727.495 -1.7762
P -277.167 725.550 3.1416
P -256.167 714.450 0.0000
P -285.766 784.463 1.3654
P -276.734 795.537 -1.7762
P -287.750 793.550 3.1416
P -274.750 786.450 0.0000
P -303.904 871.526 1.3654
P -296.096 888.474 -1.7762
P -307.000 886.550 3.1416
P -293.000 873.450 0.0000
P -320.039 948.973 1.3654
P -311.007 960.048 -1.7762
P -325.625 959.050 3.1416
P -309.125 950.950 0.0000
P -337.135 1031.036 1.3654
P -329.532 1048.964 -1.7762
P -338.273 1032.410 1.1619
P -341.833 1047.050 3.1416
P -322.333 1032.950 0.0000
P -352.432 1104.463 1.3654
P -343.401 1115.537 -1.7762
P -354.417 1113.550 3.1416
P -341.417 1106.450 0.0000
P -370.774 1192.505 1.3654
P -362.559 1207.495 -1.7762
P -377.167 1205.550 3.1416
P -356.167 1194.450 0.0000
P -390.034 1284.952 1.3654
P -381.003 1296.027 -1.7762
P -391.917 1294.050 3.1416
P -378.917 1285.950 0.0000
P -200.004 713.328 1.1619
P -189.330 726.672 -1.9797
P -204.667 725.550 3.1416
P -184.667 714.450 0.0000
P -230.337 783.328 1.1619
P -219.663 796.672 -1.9797
P -239.500 793.550 3.1416
P -214.500 786.450 0.0000
P -268.940 872.410 1.1619
P -259.060 887.590 -1.9797
P -275.500 886.550 3.1416
P -254.000 873.450 0.0000
P -301.837 948.328 1.1619
P -291.163 961.672 -1.9797
P -306.000 959.050 3.1416
P -287.500 950.950 0.0000
P -236.805 1046.496 -1.7074
P -248.500 1047.050 3.1416
P -236.000 1032.950 0.0000
P -253.092 1105.486 1.4342
P -246.158 1114.514 -1.7074
P -253.625 1113.550 3.1416
P -245.625 1106.450 0.0000
P -265.059 1192.514 1.4342
P -259.099 1205.314 -1.8040
P -267.500 1205.550 3.1416
P -257.500 1194.450 0.0000
P -286.391 1285.172 1.3376
P -280.590 1295.801 -1.8040
P -289.375 1294.050 3.1416
P -278.875 1285.950 0.0000
P -80.744 712.369 1.3787
P -70.367 727.631 -1.7628
P -83.056 725.550 3.1416
P -68.056 714.450 0.0000
P -94.833 784.823 1.3787
P -83.596 795.667 -1.7628
P -96.167 793.550 3.1416
P -78.167 786.450 0.0000
P -111.665 871.388 1.3787
P -101.669 888.612 -1.7628
P -114.667 886.550 3.1416
P -99.167 873.450 0.0000
P -126.916 949.823 1.3787
P -115.775 961.158 -1.7628
P -128.250 959.050 3.1416
P -110.250 950.950 0.0000
P -142.680 1030.897 1.3787
P -132.875 1049.103 -1.7628
P -145.278 1047.050 3.1416
P -130.278 1032.950 0.0000
P -156.960 1104.333 1.3787
P -145.818 1115.667 -1.7628
P -158.389 1113.550 3.1416
P -140.389 1106.450 0.0000
P -174.078 1192.369 1.3787
P -163.700 1207.631 -1.7628
P -176.389 1205.550 3.1416
P -161.389 1194.450 0.0000
P -192.055 1284.823 1.3787
P -180.914 1296.158 -1.7628
P -193.389 1294.050 3.1416
P -175.389 1285.950 0.0000
P -391.630 2646.461 -1.2100
P -405.000 2646.050 3.1416
P -396.000 2633.950 0.0000
P -377.451 2715.475 1.9316
P -361.240 2726.993 -1.2100
P -374.934 2726.550 3.1416
P -363.934 2715.450 0.0000
P -348.370 2792.539 1.9316
P -331.818 2808.212 -1.3118
P -346.000 2804.550 3.1416
P -334.500 2793.450 0.0000
P -330.570 2856.271 1.8297
P -314.463 2873.729 -1.3118
P -329.017 2870.050 3.1416
P -316.017 2859.950 0.0000
P -308.054 2941.271 1.8297
P -290.478 2959.172 -1.1999
P -305.500 2955.050 3.1416
P -293.500 2944.950 0.0000
P -273.435 3033.624 1.9417
P -269.000 3046.550 3.1416
P -260.000 3033.450 0.0000
P -388.071 2470.784 2.1731
P -361.929 2489.216 -0.9685
P -379.000 2485.050 3.1416
P -371.000 2474.950 0.0000
P -330.522 2554.492 2.1731
P -307.418 2566.442 -0.8767
P -324.000 2565.550 3.1416
P -316.000 2554.450 0.0000
P -265.678 2633.943 2.2649
P -240.514 2646.826 -0.8767
P -257.416 2646.050 3.1416
P -249.416 2633.950 0.0000
P -198.582 2714.558 2.2649
P -180.450 2729.500 -1.5708
P -194.500 2726.550 3.1416
P -182.000 2715.450 0.0000
P -191.550 2790.500 1.5708
P -181.776 2806.430 -1.7605
P -196.500 2804.550 3.1416
P -177.500 2793.450 0.0000
P -202.994 2858.061 1.3811
P -194.357 2871.939 -1.7605
P -208.675 2870.050 3.1416
P -188.675 2859.950 0.0000
P -219.319 2943.061 1.3811
P -209.875 2957.796 -1.6263
P -224.000 2955.050 3.1416
P -205.000 2944.950 0.0000
P -225.042 3030.706 1.5153
P -224.000 3046.550 3.1416
P -213.500 3033.450 0.0000
P -216.858 2474.214 2.0591
P -198.142 2485.786 -1.0825
P -212.500 2485.050 3.1416
P -202.500 2474.950 0.0000
P -174.358 2554.214 2.0591
P -156.671 2565.804 -1.1871
P -170.000 2565.550 3.1416
P -160.500 2554.450 0.0000
P -141.405 2633.269 1.9545
P -123.999 2646.731 -1.1871
P -137.702 2646.050 3.1416
P -127.702 2633.950 0.0000
P -110.013 2711.023 1.9545
P -94.450 2729.500 -1.5708
P -108.500 2726.550 3.1416
P -95.000 2715.450 0.0000
P -105.550 2790.500 1.5708
P -93.538 2807.905 -1.4718
P -107.500 2804.550 3.1416
P -91.500 2793.450 0.0000
P -99.856 2856.593 1.6698
P -87.031 2873.407 -1.4718
P -100.944 2870.050 3.1416
P -85.944 2859.950 0.0000
P -91.412 2941.593 1.6698
P -80.257 2957.570 -1.6815
P -94.500 2955.050 3.1416
P -77.500 2944.950 0.0000
P -99.577 3030.939 1.4601
P -99.000 3046.550 3.1416
P -85.500 3033.450 0.0000
P -11.882 2474.705 1.5397
P 6.929 2484.295 -1.6019
P -14.992 2485.050 3.1416
P -14.359 2554.205 1.5397
P 4.436 2564.295 -1.6019
P -14.484 2565.550 3.1416
P -16.820 2633.206 1.5397
P 1.882 2646.294 -1.6019
P -6.300 2631.528 0.5604
P -17.977 2646.050 3.1416
P 14.023 2634.450 0.0000
P -19.374 2715.205 1.5397
P -1.009 2727.373 -1.6649
P -20.000 2726.550 3.1416
P -1.000 2714.450 0.0000
P -26.397 2793.125 1.4767
P -8.273 2804.377 -1.6649
P -26.858 2804.550 3.1416
P -4.358 2793.950 0.0000
P -32.670 2859.623 1.4767
P -14.453 2869.879 -1.6649
P -36.085 2870.050 3.1416
P -34.132 2875.121 1.4767
P -16.392 2888.130 -1.6952
P -11.500 2873.950 0.0000
P -38.980 2914.846 1.4464
P -21.020 2925.154 -1.6952
P -16.500 2916.450 0.0000
P -42.668 2944.350 1.4464
P -37.750 2955.050 3.1416
P -42.678 2944.427 1.4464
P -28.128 2982.022 -1.6952
P -22.992 2965.565 -0.9517
P -30.500 2954.450 0.0000
P -53.546 3031.373 1.4464
P -49.000 3046.550 3.1416
P -36.000 3033.450 0.0000
P -14.156 3000.543 2.1899
P 3.767 3003.122 -0.9517
P 0.000 2996.450 0.0000
P 9.412 3033.621 2.1899
P 18.000 3046.550 3.1416
P 26.000 3033.450 0.0000
P 41.842 2645.818 -1.5215
P 32.000 2645.550 3.1416
P 42.000 2634.450 0.0000
P 38.134 2714.683 1.6201
P 45.872 2727.313 -1.5205
P 38.000 2727.550 3.1416
P 46.000 2714.450 0.0000
P 40.467 2761.183 1.6211
P 47.960 2768.817 -1.5205
P 48.214 2760.950 0.0000
P 41.977 2791.188 1.6211
P 49.772 2804.814 -1.5205
P 39.925 2804.050 3.1416
P 51.925 2793.950 0.0000
P 44.241 2836.183 1.6211
P 51.734 2843.817 -1.5205
P 51.987 2835.950 0.0000
P 46.002 2871.190 1.6211
P 58.422 2886.506 -1.4464
P 41.000 2886.050 3.1416
P 56.000 2873.950 0.0000
P 47.012 2916.967 1.6952
P 63.484 2927.002 -1.4464
P 45.500 2923.550 3.1416
P 61.000 2916.450 0.0000
P 51.640 2953.991 1.6952
P 69.070 2966.854 -1.3734
P 51.500 2965.550 3.1416
P 69.000 2954.450 0.0000
P 59.616 2996.578 1.7682
P 76.384 3003.422 -1.3734
P 61.000 3003.550 3.1416
P 77.000 2996.450 0.0000
P 66.243 3029.714 1.7682
P 72.000 3046.550 3.1416
P 84.500 3033.450 0.0000
P 174.314 2482.765 0.8885
P 179.436 2497.235 -2.2531
P 194.375 2484.950 0.0000
P 117.439 2552.765 0.8885
P 120.094 2567.674 -2.5812
P 132.000 2554.450 0.0000
P 355.478 2483.711 0.8885
P 358.272 2496.289 -2.2531
P 341.375 2495.050 3.1416
P 372.375 2484.950 0.0000
P 298.603 2553.711 0.8885
P 301.913 2566.152 -2.1702
P 290.000 2565.550 3.1416
P 316.000 2554.450 0.0000
P 243.428 2633.848 0.9714
P 247.255 2646.152 -2.1702
P 234.342 2645.550 3.1416
P 255.842 2634.450 0.0000
P 188.933 2713.610 0.9714
P 192.125 2728.549 -1.9960
P 181.000 2727.550 3.1416
P 201.000 2714.450 0.0000
P 167.125 2759.273 1.1456
P 173.026 2770.727 -1.9960
P 162.075 2769.050 3.1416
P 177.575 2760.950 0.0000
P 151.935 2792.818 1.1456
P 157.423 2805.182 -1.9960
P 141.679 2804.050 3.1416
P 167.679 2793.950 0.0000
P 133.163 2834.273 1.1456
P 139.063 2845.727 -1.9960
P 128.113 2844.050 3.1416
P 143.613 2835.950 0.0000
P 115.668 2872.907 1.1456
P 121.057 2887.642 -1.8507
P 107.000 2886.050 3.1416
P 127.500 2873.950 0.0000
P 102.752 2914.760 1.2908
P 110.248 2925.240 -1.8507
P 96.000 2923.550 3.1416
P 91.804 2952.838 1.2908
P 91.000 2965.550 3.1416
P 106.000 2954.450 0.0000
P 486.164 2483.667 1.0122
P 491.336 2496.333 -2.1294
P 474.250 2495.050 3.1416
P 503.250 2484.950 0.0000
P 442.414 2553.667 1.0122
P 447.326 2566.434 -2.1702
P 434.500 2565.550 3.1416
P 455.000 2554.450 0.0000
P 388.016 2633.566 0.9714
P 392.668 2646.434 -2.1702
P 379.842 2645.550 3.1416
P 401.842 2634.450 0.0000
P 333.238 2713.741 0.9714
P 336.719 2727.935 -2.2173
P 323.500 2727.550 3.1416
P 346.500 2714.450 0.0000
P 299.772 2758.464 0.9243
P 303.813 2771.536 -2.2173
P 291.792 2769.050 3.1416
P 311.792 2760.950 0.0000
P 274.112 2792.464 0.9243
P 278.152 2805.536 -2.2173
P 260.632 2804.050 3.1416
P 291.632 2793.950 0.0000
P 243.168 2833.464 0.9243
P 247.209 2846.536 -2.2173
P 235.189 2844.050 3.1416
P 255.189 2835.950 0.0000
P 212.980 2873.464 0.9243
P 216.785 2886.604 -2.2531
P 203.000 2886.050 3.1416
P 226.500 2873.950 0.0000
P 148.215 2953.396 0.8885
P 153.617 2966.162 -1.9296
P 141.000 2965.550 3.1416
P 166.000 2954.950 0.0000
P 131.208 2994.306 1.2120
P 138.792 3005.694 -1.9296
P 127.500 3003.550 3.1416
P 117.086 3031.965 1.2120
P 116.000 3046.550 3.1416
P 128.500 3033.450 0.0000
P 403.111 2728.016 -2.1760
P 388.000 2727.550 3.1416
P 404.000 2714.450 0.0000
P 366.449 2757.984 0.9656
P 372.671 2772.016 -2.1760
P 359.560 2769.050 3.1416
P 385.060 2760.950 0.0000
P 342.927 2791.984 0.9656
P 349.149 2806.016 -2.1760
P 329.538 2804.050 3.1416
P 362.538 2793.950 0.0000
P 314.562 2832.984 0.9656
P 320.784 2847.016 -2.1760
P 307.673 2844.050 3.1416
P 286.889 2872.984 0.9656
P 293.131 2887.007 -2.1731
P 278.500 2886.050 3.1416
P 301.500 2873.950 0.0000
P 231.869 2952.993 0.9685
P 231.000 2965.050 3.1416
P 251.500 2954.950 0.0000
