# P6 city life pedestrian graph: generated by tools/life/export_lanes.mjs (do not edit)
B -1024 -3584 1024 3584
P 0 -263.2 -3353.02
P 1 -236.8 -3366.98
P 2 -236.8 -3353.02
P 3 -13.2 -3366.98
P 4 -13.2 -3353.02
P 5 13.2 -3353.02
P 6 -263.2 -3285.73
P 7 -263.2 -3274.27
P 8 -236.8 -3285.73
P 9 -236.8 -3274.27
P 10 -13.2 -3285.73
P 11 -13.2 -3274.27
P 12 13.2 -3285.73
P 13 13.2 -3274.27
P 14 -263.2 -3206.98
P 15 -263.2 -3193.02
P 16 -236.8 -3206.98
P 17 -236.8 -3193.02
P 18 -13.2 -3206.98
P 19 -13.2 -3193.02
P 20 13.2 -3206.98
P 21 13.2 -3193.02
P 22 236.8 -3206.98
P 23 236.8 -3193.02
P 24 263.2 -3193.02
P 25 -263.2 -3126.98
P 26 -263.2 -3113.02
P 27 -236.8 -3126.98
P 28 -236.8 -3113.02
P 29 -13.2 -3126.98
P 30 -13.2 -3113.02
P 31 13.2 -3126.98
P 32 13.2 -3113.02
P 33 236.8 -3126.98
P 34 236.8 -3113.02
P 35 263.2 -3126.98
P 36 263.2 -3113.02
P 37 -443.2 -3034.27
P 38 -416.8 -3045.73
P 39 -416.8 -3034.27
P 40 -263.2 -3045.73
P 41 -263.2 -3034.27
P 42 -236.8 -3045.73
P 43 -236.8 -3034.27
P 44 -13.2 -3045.73
P 45 -13.2 -3034.27
P 46 13.2 -3045.73
P 47 13.2 -3034.27
P 48 236.8 -3045.73
P 49 236.8 -3034.27
P 50 263.2 -3045.73
P 51 263.2 -3034.27
P 52 -443.2 -2966.98
P 53 -443.2 -2953.02
P 54 -416.8 -2966.98
P 55 -416.8 -2953.02
P 56 -263.2 -2966.98
P 57 -263.2 -2953.02
P 58 -236.8 -2966.98
P 59 -236.8 -2953.02
P 60 -13.2 -2966.98
P 61 -13.2 -2953.02
P 62 13.2 -2966.98
P 63 13.2 -2953.02
P 64 236.8 -2966.98
P 65 236.8 -2953.02
P 66 263.2 -2966.98
P 67 263.2 -2953.02
P 68 -443.2 -2886.98
P 69 -443.2 -2873.02
P 70 -416.8 -2886.98
P 71 -416.8 -2873.02
P 72 -263.2 -2886.98
P 73 -263.2 -2873.02
P 74 -236.8 -2886.98
P 75 -236.8 -2873.02
P 76 -13.2 -2886.98
P 77 -13.2 -2873.02
P 78 13.2 -2886.98
P 79 13.2 -2873.02
P 80 236.8 -2886.98
P 81 236.8 -2873.02
P 82 263.2 -2886.98
P 83 263.2 -2873.02
P 84 416.8 -2886.98
P 85 416.8 -2873.02
P 86 443.2 -2873.02
P 87 -443.2 -2810.98
P 88 -443.2 -2789.02
P 89 -416.8 -2810.98
P 90 -416.8 -2789.02
P 91 -263.2 -2810.98
P 92 -263.2 -2789.02
P 93 -236.8 -2810.98
P 94 -236.8 -2789.02
P 95 -13.2 -2810.98
P 96 -13.2 -2789.02
P 97 13.2 -2810.98
P 98 13.2 -2789.02
P 99 236.8 -2810.98
P 100 236.8 -2789.02
P 101 263.2 -2810.98
P 102 263.2 -2789.02
P 103 416.8 -2810.98
P 104 416.8 -2789.02
P 105 443.2 -2810.98
P 106 443.2 -2789.02
P 107 -443.2 -2725.73
P 108 -443.2 -2714.27
P 109 -416.8 -2725.73
P 110 -416.8 -2714.27
P 111 -263.2 -2725.73
P 112 -263.2 -2714.27
P 113 -236.8 -2725.73
P 114 -236.8 -2714.27
P 115 -13.2 -2725.73
P 116 -13.2 -2714.27
P 117 13.2 -2725.73
P 118 13.2 -2714.27
P 119 236.8 -2725.73
P 120 236.8 -2714.27
P 121 263.2 -2725.73
P 122 263.2 -2714.27
P 123 416.8 -2725.73
P 124 416.8 -2714.27
P 125 443.2 -2725.73
P 126 443.2 -2714.27
P 127 -443.2 -2646.98
P 128 -443.2 -2633.02
P 129 -416.8 -2646.98
P 130 -416.8 -2633.02
P 131 -263.2 -2646.98
P 132 -263.2 -2633.02
P 133 -236.8 -2646.98
P 134 -236.8 -2633.02
P 135 -13.2 -2646.98
P 136 -13.2 -2633.02
P 137 13.2 -2646.98
P 138 13.2 -2633.02
P 139 236.8 -2646.98
P 140 236.8 -2633.02
P 141 263.2 -2646.98
P 142 263.2 -2633.02
P 143 416.8 -2646.98
P 144 416.8 -2633.02
P 145 443.2 -2646.98
P 146 443.2 -2633.02
P 147 -443.2 -2566.98
P 148 -443.2 -2553.02
P 149 -416.8 -2566.98
P 150 -416.8 -2553.02
P 151 -263.2 -2566.98
P 152 -263.2 -2553.02
P 153 -236.8 -2566.98
P 154 -236.8 -2553.02
P 155 -13.2 -2566.98
P 156 -13.2 -2553.02
P 157 13.2 -2566.98
P 158 13.2 -2553.02
P 159 236.8 -2566.98
P 160 236.8 -2553.02
P 161 263.2 -2566.98
P 162 263.2 -2553.02
P 163 416.8 -2566.98
P 164 416.8 -2553.02
P 165 443.2 -2566.98
P 166 443.2 -2553.02
P 167 -443.2 -2490.98
P 168 -443.2 -2469.02
P 169 -416.8 -2490.98
P 170 -416.8 -2469.02
P 171 -263.2 -2490.98
P 172 -263.2 -2469.02
P 173 -236.8 -2490.98
P 174 -236.8 -2469.02
P 175 -13.2 -2490.98
P 176 -13.2 -2469.02
P 177 13.2 -2490.98
P 178 13.2 -2469.02
P 179 236.8 -2490.98
P 180 236.8 -2469.02
P 181 263.2 -2490.98
P 182 263.2 -2469.02
P 183 416.8 -2490.98
P 184 416.8 -2469.02
P 185 443.2 -2490.98
P 186 443.2 -2469.02
P 187 -443.2 -2406.98
P 188 -443.2 -2393.02
P 189 -416.8 -2406.98
P 190 -416.8 -2393.02
P 191 -263.2 -2406.98
P 192 -263.2 -2393.02
P 193 -236.8 -2406.98
P 194 -236.8 -2393.02
P 195 -13.2 -2406.98
P 196 -13.2 -2393.02
P 197 13.2 -2406.98
P 198 13.2 -2393.02
P 199 236.8 -2406.98
P 200 236.8 -2393.02
P 201 263.2 -2406.98
P 202 263.2 -2393.02
P 203 416.8 -2406.98
P 204 416.8 -2393.02
P 205 443.2 -2406.98
P 206 443.2 -2393.02
P 207 -443.2 -2325.73
P 208 -443.2 -2314.27
P 209 -416.8 -2325.73
P 210 -416.8 -2314.27
P 211 -263.2 -2325.73
P 212 -263.2 -2314.27
P 213 -236.8 -2325.73
P 214 -236.8 -2314.27
P 215 -13.2 -2325.73
P 216 -13.2 -2314.27
P 217 13.2 -2325.73
P 218 13.2 -2314.27
P 219 236.8 -2325.73
P 220 236.8 -2314.27
P 221 263.2 -2325.73
P 222 263.2 -2314.27
P 223 416.8 -2325.73
P 224 416.8 -2314.27
P 225 443.2 -2325.73
P 226 443.2 -2314.27
P 227 -443.2 -2246.98
P 228 -443.2 -2233.02
P 229 -416.8 -2246.98
P 230 -416.8 -2233.02
P 231 -263.2 -2246.98
P 232 -263.2 -2233.02
P 233 -236.8 -2246.98
P 234 -236.8 -2233.02
P 235 -13.2 -2246.98
P 236 -13.2 -2233.02
P 237 13.2 -2246.98
P 238 13.2 -2233.02
P 239 236.8 -2246.98
P 240 236.8 -2233.02
P 241 263.2 -2246.98
P 242 263.2 -2233.02
P 243 416.8 -2246.98
P 244 416.8 -2233.02
P 245 443.2 -2246.98
P 246 443.2 -2233.02
P 247 596.8 -2246.98
P 248 596.8 -2233.02
P 249 623.2 -2233.02
P 250 -443.2 -2166.98
P 251 -443.2 -2153.02
P 252 -416.8 -2166.98
P 253 -416.8 -2153.02
P 254 -263.2 -2166.98
P 255 -263.2 -2153.02
P 256 -236.8 -2166.98
P 257 -236.8 -2153.02
P 258 -13.2 -2166.98
P 259 -13.2 -2153.02
P 260 13.2 -2166.98
P 261 13.2 -2153.02
P 262 236.8 -2166.98
P 263 236.8 -2153.02
P 264 263.2 -2166.98
P 265 263.2 -2153.02
P 266 416.8 -2166.98
P 267 416.8 -2153.02
P 268 443.2 -2166.98
P 269 443.2 -2153.02
P 270 596.8 -2166.98
P 271 596.8 -2153.02
P 272 623.2 -2166.98
P 273 623.2 -2153.02
P 274 -443.2 -2086.98
P 275 -443.2 -2073.02
P 276 -416.8 -2086.98
P 277 -416.8 -2073.02
P 278 -263.2 -2086.98
P 279 -263.2 -2073.02
P 280 -236.8 -2086.98
P 281 -236.8 -2073.02
P 282 236.8 -2086.98
P 283 236.8 -2073.02
P 284 263.2 -2086.98
P 285 263.2 -2073.02
P 286 416.8 -2086.98
P 287 416.8 -2073.02
P 288 443.2 -2086.98
P 289 443.2 -2073.02
P 290 596.8 -2086.98
P 291 596.8 -2073.02
P 292 623.2 -2086.98
P 293 623.2 -2073.02
P 294 -443.2 -2006.98
P 295 -443.2 -1993.02
P 296 -416.8 -2006.98
P 297 -416.8 -1993.02
P 298 -263.2 -2006.98
P 299 -263.2 -1993.02
P 300 -236.8 -2006.98
P 301 -236.8 -1993.02
P 302 236.8 -2006.98
P 303 236.8 -1993.02
P 304 263.2 -2006.98
P 305 263.2 -1993.02
P 306 416.8 -2006.98
P 307 416.8 -1993.02
P 308 443.2 -2006.98
P 309 443.2 -1993.02
P 310 596.8 -2006.98
P 311 596.8 -1993.02
P 312 623.2 -2006.98
P 313 623.2 -1993.02
P 314 -443.2 -1925.73
P 315 -443.2 -1914.27
P 316 -416.8 -1925.73
P 317 -416.8 -1914.27
P 318 -263.2 -1925.73
P 319 -263.2 -1914.27
P 320 -236.8 -1925.73
P 321 -236.8 -1914.27
P 322 236.8 -1925.73
P 323 236.8 -1914.27
P 324 263.2 -1925.73
P 325 263.2 -1914.27
P 326 416.8 -1925.73
P 327 416.8 -1914.27
P 328 443.2 -1925.73
P 329 443.2 -1914.27
P 330 596.8 -1925.73
P 331 596.8 -1914.27
P 332 623.2 -1925.73
P 333 623.2 -1914.27
P 334 -443.2 -1846.98
P 335 -443.2 -1833.02
P 336 -416.8 -1846.98
P 337 -416.8 -1833.02
P 338 -263.2 -1846.98
P 339 -263.2 -1833.02
P 340 -236.8 -1846.98
P 341 -236.8 -1833.02
P 342 236.8 -1846.98
P 343 236.8 -1833.02
P 344 263.2 -1846.98
P 345 263.2 -1833.02
P 346 416.8 -1846.98
P 347 416.8 -1833.02
P 348 443.2 -1846.98
P 349 443.2 -1833.02
P 350 596.8 -1846.98
P 351 596.8 -1833.02
P 352 623.2 -1846.98
P 353 623.2 -1833.02
P 354 -623.2 -1754.27
P 355 -596.8 -1754.27
P 356 -443.2 -1765.73
P 357 -443.2 -1754.27
P 358 -416.8 -1765.73
P 359 -416.8 -1754.27
P 360 -263.2 -1765.73
P 361 -263.2 -1754.27
P 362 -236.8 -1765.73
P 363 -236.8 -1754.27
P 364 236.8 -1765.73
P 365 236.8 -1754.27
P 366 263.2 -1765.73
P 367 263.2 -1754.27
P 368 416.8 -1765.73
P 369 416.8 -1754.27
P 370 443.2 -1765.73
P 371 443.2 -1754.27
P 372 596.8 -1765.73
P 373 596.8 -1754.27
P 374 623.2 -1765.73
P 375 623.2 -1754.27
P 376 -623.2 -1690.98
P 377 -623.2 -1669.02
P 378 -596.8 -1690.98
P 379 -596.8 -1669.02
P 380 -443.2 -1690.98
P 381 -443.2 -1669.02
P 382 -416.8 -1690.98
P 383 -416.8 -1669.02
P 384 -263.2 -1690.98
P 385 -263.2 -1669.02
P 386 -236.8 -1690.98
P 387 -236.8 -1669.02
P 388 236.8 -1690.98
P 389 236.8 -1669.02
P 390 263.2 -1690.98
P 391 263.2 -1669.02
P 392 416.8 -1690.98
P 393 416.8 -1669.02
P 394 443.2 -1690.98
P 395 443.2 -1669.02
P 396 596.8 -1690.98
P 397 596.8 -1669.02
P 398 623.2 -1690.98
P 399 623.2 -1669.02
P 400 -623.2 -1606.98
P 401 -623.2 -1593.02
P 402 -596.8 -1606.98
P 403 -596.8 -1593.02
P 404 -443.2 -1606.98
P 405 -443.2 -1593.02
P 406 -416.8 -1606.98
P 407 -416.8 -1593.02
P 408 -263.2 -1606.98
P 409 -263.2 -1593.02
P 410 -236.8 -1606.98
P 411 -236.8 -1593.02
P 412 236.8 -1606.98
P 413 236.8 -1593.02
P 414 263.2 -1606.98
P 415 263.2 -1593.02
P 416 416.8 -1606.98
P 417 416.8 -1593.02
P 418 443.2 -1606.98
P 419 443.2 -1593.02
P 420 596.8 -1606.98
P 421 596.8 -1593.02
P 422 623.2 -1606.98
P 423 623.2 -1593.02
P 424 -623.2 -1526.98
P 425 -623.2 -1513.02
P 426 -596.8 -1526.98
P 427 -596.8 -1513.02
P 428 -443.2 -1526.98
P 429 -443.2 -1513.02
P 430 -416.8 -1526.98
P 431 -416.8 -1513.02
P 432 -263.2 -1526.98
P 433 -263.2 -1513.02
P 434 -236.8 -1526.98
P 435 -236.8 -1513.02
P 436 236.8 -1526.98
P 437 236.8 -1513.02
P 438 263.2 -1526.98
P 439 263.2 -1513.02
P 440 416.8 -1526.98
P 441 416.8 -1513.02
P 442 443.2 -1526.98
P 443 443.2 -1513.02
P 444 596.8 -1526.98
P 445 596.8 -1513.02
P 446 623.2 -1526.98
P 447 623.2 -1513.02
P 448 -623.2 -1445.73
P 449 -623.2 -1434.27
P 450 -596.8 -1445.73
P 451 -596.8 -1434.27
P 452 -443.2 -1445.73
P 453 -443.2 -1434.27
P 454 -416.8 -1445.73
P 455 -416.8 -1434.27
P 456 -263.2 -1445.73
P 457 -263.2 -1434.27
P 458 -236.8 -1445.73
P 459 -236.8 -1434.27
P 460 236.8 -1445.73
P 461 236.8 -1434.27
P 462 263.2 -1445.73
P 463 263.2 -1434.27
P 464 416.8 -1445.73
P 465 416.8 -1434.27
P 466 443.2 -1445.73
P 467 443.2 -1434.27
P 468 596.8 -1445.73
P 469 596.8 -1434.27
P 470 623.2 -1445.73
P 471 623.2 -1434.27
P 472 -623.2 -1366.98
P 473 -623.2 -1353.02
P 474 -596.8 -1366.98
P 475 -596.8 -1353.02
P 476 -443.2 -1366.98
P 477 -443.2 -1353.02
P 478 -416.8 -1366.98
P 479 -416.8 -1353.02
P 480 -263.2 -1366.98
P 481 -263.2 -1353.02
P 482 -236.8 -1366.98
P 483 -236.8 -1353.02
P 484 236.8 -1366.98
P 485 236.8 -1353.02
P 486 263.2 -1366.98
P 487 263.2 -1353.02
P 488 416.8 -1366.98
P 489 416.8 -1353.02
P 490 443.2 -1366.98
P 491 443.2 -1353.02
P 492 596.8 -1366.98
P 493 596.8 -1353.02
P 494 623.2 -1366.98
P 495 623.2 -1353.02
P 496 -623.2 -1286.98
P 497 -623.2 -1273.02
P 498 -596.8 -1286.98
P 499 -596.8 -1273.02
P 500 -443.2 -1286.98
P 501 -443.2 -1273.02
P 502 -416.8 -1286.98
P 503 -416.8 -1273.02
P 504 -263.2 -1286.98
P 505 -263.2 -1273.02
P 506 -236.8 -1286.98
P 507 -236.8 -1273.02
P 508 236.8 -1286.98
P 509 236.8 -1273.02
P 510 263.2 -1286.98
P 511 263.2 -1273.02
P 512 416.8 -1286.98
P 513 416.8 -1273.02
P 514 443.2 -1286.98
P 515 443.2 -1273.02
P 516 596.8 -1286.98
P 517 596.8 -1273.02
P 518 623.2 -1286.98
P 519 623.2 -1273.02
P 520 -623.2 -1210.98
P 521 -623.2 -1189.02
P 522 -596.8 -1210.98
P 523 -596.8 -1189.02
P 524 -443.2 -1210.98
P 525 -443.2 -1189.02
P 526 -416.8 -1210.98
P 527 -416.8 -1189.02
P 528 -263.2 -1210.98
P 529 -263.2 -1189.02
P 530 -236.8 -1210.98
P 531 -236.8 -1189.02
P 532 236.8 -1210.98
P 533 236.8 -1189.02
P 534 263.2 -1210.98
P 535 263.2 -1189.02
P 536 416.8 -1210.98
P 537 416.8 -1189.02
P 538 443.2 -1210.98
P 539 443.2 -1189.02
P 540 596.8 -1210.98
P 541 596.8 -1189.02
P 542 623.2 -1210.98
P 543 623.2 -1189.02
P 544 -623.2 -1126.98
P 545 -623.2 -1113.02
P 546 -596.8 -1126.98
P 547 -596.8 -1113.02
P 548 -443.2 -1126.98
P 549 -443.2 -1113.02
P 550 -416.8 -1126.98
P 551 -416.8 -1113.02
P 552 -263.2 -1126.98
P 553 -263.2 -1113.02
P 554 -236.8 -1126.98
P 555 -236.8 -1113.02
P 556 236.8 -1126.98
P 557 236.8 -1113.02
P 558 263.2 -1126.98
P 559 263.2 -1113.02
P 560 416.8 -1126.98
P 561 416.8 -1113.02
P 562 443.2 -1126.98
P 563 443.2 -1113.02
P 564 596.8 -1126.98
P 565 596.8 -1113.02
P 566 623.2 -1126.98
P 567 623.2 -1113.02
P 568 -623.2 -1046.98
P 569 -623.2 -1033.02
P 570 -596.8 -1046.98
P 571 -596.8 -1033.02
P 572 -443.2 -1046.98
P 573 -443.2 -1033.02
P 574 -416.8 -1046.98
P 575 -416.8 -1033.02
P 576 -263.2 -1046.98
P 577 -263.2 -1033.02
P 578 -236.8 -1046.98
P 579 -236.8 -1033.02
P 580 236.8 -1046.98
P 581 236.8 -1033.02
P 582 263.2 -1046.98
P 583 263.2 -1033.02
P 584 416.8 -1046.98
P 585 416.8 -1033.02
P 586 443.2 -1046.98
P 587 443.2 -1033.02
P 588 596.8 -1046.98
P 589 596.8 -1033.02
P 590 623.2 -1046.98
P 591 623.2 -1033.02
P 592 -623.2 -966.98
P 593 -623.2 -953.02
P 594 -596.8 -966.98
P 595 -596.8 -953.02
P 596 -443.2 -953.02
P 597 -416.8 -966.98
P 598 -416.8 -953.02
P 599 -263.2 -966.98
P 600 -263.2 -953.02
P 601 -236.8 -966.98
P 602 -236.8 -953.02
P 603 236.8 -966.98
P 604 236.8 -953.02
P 605 263.2 -966.98
P 606 263.2 -953.02
P 607 416.8 -966.98
P 608 416.8 -953.02
P 609 443.2 -966.98
P 610 443.2 -953.02
P 611 596.8 -966.98
P 612 596.8 -953.02
P 613 623.2 -966.98
P 614 623.2 -953.02
P 615 -623.2 -886.98
P 616 -623.2 -873.02
P 617 -596.8 -886.98
P 618 -596.8 -873.02
P 619 -443.2 -886.98
P 620 -443.2 -873.02
P 621 -416.8 -886.98
P 622 -416.8 -873.02
P 623 -263.2 -886.98
P 624 -263.2 -873.02
P 625 -236.8 -886.98
P 626 -236.8 -873.02
P 627 236.8 -886.98
P 628 236.8 -873.02
P 629 263.2 -886.98
P 630 263.2 -873.02
P 631 416.8 -886.98
P 632 416.8 -873.02
P 633 443.2 -886.98
P 634 443.2 -873.02
P 635 596.8 -886.98
P 636 596.8 -873.02
P 637 623.2 -886.98
P 638 623.2 -873.02
P 639 -623.2 -806.98
P 640 -623.2 -793.02
P 641 -596.8 -806.98
P 642 -596.8 -793.02
P 643 -443.2 -806.98
P 644 -443.2 -793.02
P 645 -416.8 -793.02
P 646 -263.2 -806.98
P 647 -263.2 -793.02
P 648 -236.8 -806.98
P 649 -236.8 -793.02
P 650 236.8 -806.98
P 651 236.8 -793.02
P 652 263.2 -806.98
P 653 263.2 -793.02
P 654 416.8 -806.98
P 655 416.8 -793.02
P 656 443.2 -806.98
P 657 443.2 -793.02
P 658 596.8 -806.98
P 659 596.8 -793.02
P 660 623.2 -806.98
P 661 623.2 -793.02
P 662 -623.2 -726.98
P 663 -623.2 -713.02
P 664 -596.8 -726.98
P 665 -596.8 -713.02
P 666 -443.2 -726.98
P 667 -443.2 -713.02
P 668 -416.8 -726.98
P 669 -416.8 -713.02
P 670 -263.2 -726.98
P 671 -263.2 -713.02
P 672 -236.8 -726.98
P 673 -236.8 -713.02
P 674 236.8 -726.98
P 675 236.8 -713.02
P 676 263.2 -726.98
P 677 263.2 -713.02
P 678 416.8 -726.98
P 679 416.8 -713.02
P 680 443.2 -726.98
P 681 443.2 -713.02
P 682 596.8 -726.98
P 683 596.8 -713.02
P 684 623.2 -726.98
P 685 623.2 -713.02
P 686 -623.2 -646.98
P 687 -623.2 -633.02
P 688 -596.8 -646.98
P 689 -596.8 -633.02
P 690 -443.2 -646.98
P 691 -443.2 -633.02
P 692 -416.8 -646.98
P 693 -416.8 -633.02
P 694 -263.2 -646.98
P 695 -236.8 -646.98
P 696 -236.8 -633.02
P 697 236.8 -646.98
P 698 236.8 -633.02
P 699 263.2 -646.98
P 700 263.2 -633.02
P 701 416.8 -646.98
P 702 416.8 -633.02
P 703 443.2 -646.98
P 704 443.2 -633.02
P 705 596.8 -646.98
P 706 596.8 -633.02
P 707 623.2 -646.98
P 708 623.2 -633.02
P 709 -623.2 -566.98
P 710 -623.2 -553.02
P 711 -596.8 -566.98
P 712 -596.8 -553.02
P 713 -443.2 -566.98
P 714 -443.2 -553.02
P 715 -416.8 -566.98
P 716 -416.8 -553.02
P 717 -264 -567.7
P 718 -264 -552.3
P 719 -236 -567.7
P 720 -236 -552.3
P 721 -13.2 -566.98
P 722 -13.2 -553.02
P 723 13.2 -566.98
P 724 13.2 -553.02
P 725 236.8 -566.98
P 726 236.8 -553.02
P 727 263.2 -566.98
P 728 263.2 -553.02
P 729 416.8 -566.98
P 730 416.8 -553.02
P 731 443.2 -566.98
P 732 443.2 -553.02
P 733 596.8 -566.98
P 734 596.8 -553.02
P 735 623.2 -566.98
P 736 623.2 -553.02
P 737 -623.2 -490.98
P 738 -623.2 -469.02
P 739 -596.8 -490.98
P 740 -596.8 -469.02
P 741 -443.2 -490.98
P 742 -443.2 -469.02
P 743 -416.8 -490.98
P 744 -416.8 -469.02
P 745 -263.2 -490.98
P 746 -263.2 -469.02
P 747 -236.8 -469.02
P 748 -13.2 -490.98
P 749 -13.2 -469.02
P 750 13.2 -490.98
P 751 13.2 -469.02
P 752 236.8 -490.98
P 753 236.8 -469.02
P 754 263.2 -490.98
P 755 263.2 -469.02
P 756 416.8 -490.98
P 757 416.8 -469.02
P 758 443.2 -490.98
P 759 443.2 -469.02
P 760 596.8 -490.98
P 761 596.8 -469.02
P 762 623.2 -490.98
P 763 623.2 -469.02
P 764 -623.2 -406.98
P 765 -623.2 -393.02
P 766 -596.8 -406.98
P 767 -596.8 -393.02
P 768 -443.2 -406.98
P 769 -443.2 -393.02
P 770 -416.8 -406.98
P 771 -416.8 -393.02
P 772 -263.2 -406.98
P 773 -263.2 -393.02
P 774 -236.8 -406.98
P 775 -236.8 -393.02
P 776 -13.2 -406.98
P 777 -13.2 -393.02
P 778 13.2 -406.98
P 779 13.2 -393.02
P 780 236.8 -406.98
P 781 236.8 -393.02
P 782 263.2 -406.98
P 783 263.2 -393.02
P 784 416.8 -406.98
P 785 416.8 -393.02
P 786 443.2 -406.98
P 787 443.2 -393.02
P 788 596.8 -406.98
P 789 596.8 -393.02
P 790 623.2 -406.98
P 791 623.2 -393.02
P 792 -623.2 -326.98
P 793 -623.2 -313.02
P 794 -596.8 -326.98
P 795 -596.8 -313.02
P 796 -443.2 -326.98
P 797 -443.2 -313.02
P 798 -416.8 -326.98
P 799 -416.8 -313.02
P 800 -263.2 -326.98
P 801 -263.2 -313.02
P 802 -236.8 -326.98
P 803 -236.8 -313.02
P 804 -13.2 -313.02
P 805 13.2 -326.98
P 806 13.2 -313.02
P 807 236.8 -326.98
P 808 236.8 -313.02
P 809 263.2 -326.98
P 810 263.2 -313.02
P 811 416.8 -326.98
P 812 416.8 -313.02
P 813 443.2 -326.98
P 814 443.2 -313.02
P 815 596.8 -326.98
P 816 596.8 -313.02
P 817 623.2 -326.98
P 818 623.2 -313.02
P 819 -623.2 -246.98
P 820 -623.2 -233.02
P 821 -596.8 -246.98
P 822 -596.8 -233.02
P 823 -443.2 -246.98
P 824 -443.2 -233.02
P 825 -416.8 -246.98
P 826 -416.8 -233.02
P 827 -263.2 -246.98
P 828 -263.2 -233.02
P 829 -236.8 -246.98
P 830 -236.8 -233.02
P 831 -13.2 -246.98
P 832 -13.2 -233.02
P 833 13.2 -246.98
P 834 13.2 -233.02
P 835 236.8 -246.98
P 836 236.8 -233.02
P 837 263.2 -246.98
P 838 263.2 -233.02
P 839 416.8 -246.98
P 840 416.8 -233.02
P 841 443.2 -246.98
P 842 443.2 -233.02
P 843 596.8 -246.98
P 844 596.8 -233.02
P 845 623.2 -246.98
P 846 623.2 -233.02
P 847 -623.2 -166.98
P 848 -623.2 -153.02
P 849 -596.8 -166.98
P 850 -596.8 -153.02
P 851 -443.2 -166.98
P 852 -443.2 -153.02
P 853 -416.8 -166.98
P 854 -416.8 -153.02
P 855 -263.2 -166.98
P 856 -263.2 -153.02
P 857 -236.8 -166.98
P 858 -236.8 -153.02
P 859 -13.2 -166.98
P 860 -13.2 -153.02
P 861 13.2 -166.98
P 862 13.2 -153.02
P 863 236.8 -166.98
P 864 236.8 -153.02
P 865 263.2 -166.98
P 866 263.2 -153.02
P 867 416.8 -166.98
P 868 416.8 -153.02
P 869 443.2 -166.98
P 870 443.2 -153.02
P 871 596.8 -166.98
P 872 596.8 -153.02
P 873 623.2 -166.98
P 874 623.2 -153.02
P 875 -623.2 -86.98
P 876 -623.2 -73.02
P 877 -596.8 -86.98
P 878 -596.8 -73.02
P 879 -443.2 -86.98
P 880 -443.2 -73.02
P 881 -416.8 -86.98
P 882 -416.8 -73.02
P 883 -263.2 -86.98
P 884 -263.2 -73.02
P 885 -236.8 -86.98
P 886 -236.8 -73.02
P 887 -13.2 -86.98
P 888 -13.2 -73.02
P 889 13.2 -86.98
P 890 13.2 -73.02
P 891 236.8 -86.98
P 892 236.8 -73.02
P 893 263.2 -86.98
P 894 263.2 -73.02
P 895 416.8 -86.98
P 896 416.8 -73.02
P 897 443.2 -86.98
P 898 443.2 -73.02
P 899 596.8 -86.98
P 900 596.8 -73.02
P 901 623.2 -86.98
P 902 623.2 -73.02
P 903 -623.2 -6.98
P 904 -623.2 6.98
P 905 -596.8 -6.98
P 906 -596.8 6.98
P 907 -443.2 -6.98
P 908 -443.2 6.98
P 909 -416.8 -6.98
P 910 -416.8 6.98
P 911 -263.2 -6.98
P 912 -263.2 6.98
P 913 -236.8 -6.98
P 914 -236.8 6.98
P 915 -13.2 -6.98
P 916 -13.2 6.98
P 917 13.2 -6.98
P 918 13.2 6.98
P 919 236.8 -6.98
P 920 236.8 6.98
P 921 263.2 -6.98
P 922 263.2 6.98
P 923 416.8 -6.98
P 924 416.8 6.98
P 925 443.2 -6.98
P 926 443.2 6.98
P 927 596.8 -6.98
P 928 596.8 6.98
P 929 623.2 -6.98
P 930 623.2 6.98
P 931 -623.2 74.27
P 932 -623.2 85.73
P 933 -596.8 74.27
P 934 -596.8 85.73
P 935 -443.2 74.27
P 936 -443.2 85.73
P 937 -416.8 74.27
P 938 -416.8 85.73
P 939 -263.2 74.27
P 940 -263.2 85.73
P 941 -236.8 74.27
P 942 -236.8 85.73
P 943 -13.2 74.27
P 944 -13.2 85.73
P 945 13.2 74.27
P 946 13.2 85.73
P 947 236.8 74.27
P 948 236.8 85.73
P 949 263.2 74.27
P 950 263.2 85.73
P 951 416.8 74.27
P 952 416.8 85.73
P 953 443.2 74.27
P 954 443.2 85.73
P 955 596.8 74.27
P 956 596.8 85.73
P 957 623.2 74.27
P 958 623.2 85.73
P 959 -623.2 153.02
P 960 -623.2 166.98
P 961 -596.8 153.02
P 962 -596.8 166.98
P 963 -443.2 153.02
P 964 -443.2 166.98
P 965 -416.8 153.02
P 966 -416.8 166.98
P 967 -263.2 153.02
P 968 -263.2 166.98
P 969 -236.8 153.02
P 970 -236.8 166.98
P 971 -13.2 153.02
P 972 -13.2 166.98
P 973 13.2 153.02
P 974 13.2 166.98
P 975 236.8 153.02
P 976 236.8 166.98
P 977 263.2 153.02
P 978 263.2 166.98
P 979 416.8 153.02
P 980 416.8 166.98
P 981 443.2 153.02
P 982 443.2 166.98
P 983 596.8 153.02
P 984 596.8 166.98
P 985 623.2 153.02
P 986 623.2 166.98
P 987 -623.2 233.02
P 988 -623.2 246.98
P 989 -596.8 233.02
P 990 -596.8 246.98
P 991 -443.2 233.02
P 992 -443.2 246.98
P 993 -416.8 233.02
P 994 -416.8 246.98
P 995 -263.2 233.02
P 996 -263.2 246.98
P 997 -236.8 233.02
P 998 -236.8 246.98
P 999 -13.2 233.02
P 1000 -13.2 246.98
P 1001 13.2 233.02
P 1002 13.2 246.98
P 1003 236.8 233.02
P 1004 236.8 246.98
P 1005 263.2 233.02
P 1006 263.2 246.98
P 1007 416.8 233.02
P 1008 416.8 246.98
P 1009 443.2 233.02
P 1010 443.2 246.98
P 1011 596.8 233.02
P 1012 596.8 246.98
P 1013 623.2 233.02
P 1014 623.2 246.98
P 1015 -623.2 313.02
P 1016 -623.2 326.98
P 1017 -596.8 313.02
P 1018 -596.8 326.98
P 1019 -443.2 313.02
P 1020 -443.2 326.98
P 1021 -416.8 313.02
P 1022 -416.8 326.98
P 1023 -263.2 313.02
P 1024 -263.2 326.98
P 1025 -236.8 313.02
P 1026 -236.8 326.98
P 1027 -13.2 313.02
P 1028 -13.2 326.98
P 1029 13.2 313.02
P 1030 236.8 313.02
P 1031 236.8 326.98
P 1032 263.2 313.02
P 1033 263.2 326.98
P 1034 416.8 313.02
P 1035 416.8 326.98
P 1036 443.2 313.02
P 1037 443.2 326.98
P 1038 596.8 313.02
P 1039 596.8 326.98
P 1040 623.2 313.02
P 1041 623.2 326.98
P 1042 -623.2 393.02
P 1043 -623.2 406.98
P 1044 -596.8 393.02
P 1045 -596.8 406.98
P 1046 -443.2 393.02
P 1047 -443.2 406.98
P 1048 -416.8 393.02
P 1049 -416.8 406.98
P 1050 -263.2 393.02
P 1051 -263.2 406.98
P 1052 -236.8 393.02
P 1053 -236.8 406.98
P 1054 -13.2 393.02
P 1055 -13.2 406.98
P 1056 13.2 393.02
P 1057 13.2 406.98
P 1058 236.8 393.02
P 1059 236.8 406.98
P 1060 263.2 393.02
P 1061 263.2 406.98
P 1062 416.8 393.02
P 1063 416.8 406.98
P 1064 443.2 393.02
P 1065 443.2 406.98
P 1066 596.8 393.02
P 1067 596.8 406.98
P 1068 623.2 393.02
P 1069 623.2 406.98
P 1070 -623.2 473.02
P 1071 -623.2 486.98
P 1072 -596.8 473.02
P 1073 -596.8 486.98
P 1074 -443.2 473.02
P 1075 -443.2 486.98
P 1076 -416.8 473.02
P 1077 -416.8 486.98
P 1078 -263.2 473.02
P 1079 -263.2 486.98
P 1080 -236.8 473.02
P 1081 -236.8 486.98
P 1082 -13.2 473.02
P 1083 -13.2 486.98
P 1084 13.2 473.02
P 1085 13.2 486.98
P 1086 236.8 473.02
P 1087 236.8 486.98
P 1088 263.2 473.02
P 1089 263.2 486.98
P 1090 416.8 473.02
P 1091 416.8 486.98
P 1092 443.2 473.02
P 1093 443.2 486.98
P 1094 596.8 473.02
P 1095 596.8 486.98
P 1096 623.2 473.02
P 1097 623.2 486.98
P 1098 -623.2 553.02
P 1099 -623.2 566.98
P 1100 -596.8 553.02
P 1101 -596.8 566.98
P 1102 -443.2 553.02
P 1103 -443.2 566.98
P 1104 -416.8 553.02
P 1105 -416.8 566.98
P 1106 -263.2 553.02
P 1107 -263.2 566.98
P 1108 -236.8 553.02
P 1109 -236.8 566.98
P 1110 -13.2 553.02
P 1111 -13.2 566.98
P 1112 13.2 553.02
P 1113 13.2 566.98
P 1114 236.8 553.02
P 1115 236.8 566.98
P 1116 263.2 553.02
P 1117 263.2 566.98
P 1118 416.8 553.02
P 1119 416.8 566.98
P 1120 443.2 553.02
P 1121 443.2 566.98
P 1122 596.8 553.02
P 1123 596.8 566.98
P 1124 623.2 553.02
P 1125 623.2 566.98
P 1126 -623.2 633.02
P 1127 -623.2 646.98
P 1128 -596.8 633.02
P 1129 -596.8 646.98
P 1130 -443.2 633.02
P 1131 -443.2 646.98
P 1132 -416.8 633.02
P 1133 -416.8 646.98
P 1134 -263.2 633.02
P 1135 -263.2 646.98
P 1136 -236.8 633.02
P 1137 -13.2 633.02
P 1138 -13.2 646.98
P 1139 13.2 633.02
P 1140 13.2 646.98
P 1141 236.8 633.02
P 1142 263.2 633.02
P 1143 263.2 646.98
P 1144 416.8 633.02
P 1145 416.8 646.98
P 1146 443.2 633.02
P 1147 443.2 646.98
P 1148 596.8 633.02
P 1149 596.8 646.98
P 1150 623.2 633.02
P 1151 623.2 646.98
P 1152 -13.2 713.02
P 1153 -13.2 726.98
P 1154 13.2 713.02
P 1155 13.2 726.98
P 1156 236.8 713.02
P 1157 236.8 726.98
P 1158 263.2 713.02
P 1159 263.2 726.98
P 1160 416.8 713.02
P 1161 416.8 726.98
P 1162 443.2 713.02
P 1163 443.2 726.98
P 1164 596.8 713.02
P 1165 596.8 726.98
P 1166 623.2 713.02
P 1167 623.2 726.98
P 1168 -13.2 806.98
P 1169 13.2 793.02
P 1170 13.2 806.98
P 1171 236.8 793.02
P 1172 236.8 806.98
P 1173 263.2 793.02
P 1174 263.2 806.98
P 1175 416.8 793.02
P 1176 416.8 806.98
P 1177 443.2 793.02
P 1178 443.2 806.98
P 1179 596.8 793.02
P 1180 596.8 806.98
P 1181 623.2 793.02
P 1182 623.2 806.98
P 1183 -13.2 873.02
P 1184 13.2 873.02
P 1185 13.2 886.98
P 1186 236.8 873.02
P 1187 236.8 886.98
P 1188 263.2 873.02
P 1189 263.2 886.98
P 1190 416.8 873.02
P 1191 416.8 886.98
P 1192 443.2 873.02
P 1193 443.2 886.98
P 1194 596.8 873.02
P 1195 596.8 886.98
P 1196 623.2 873.02
P 1197 623.2 886.98
P 1198 -13.2 966.98
P 1199 13.2 953.02
P 1200 13.2 966.98
P 1201 236.8 953.02
P 1202 236.8 966.98
P 1203 263.2 953.02
P 1204 263.2 966.98
P 1205 416.8 953.02
P 1206 416.8 966.98
P 1207 443.2 953.02
P 1208 443.2 966.98
P 1209 596.8 953.02
P 1210 596.8 966.98
P 1211 623.2 953.02
P 1212 623.2 966.98
P 1213 -13.2 1033.02
P 1214 13.2 1033.02
P 1215 13.2 1046.98
P 1216 236.8 1033.02
P 1217 236.8 1046.98
P 1218 263.2 1033.02
P 1219 263.2 1046.98
P 1220 443.2 1033.02
P 1221 443.2 1046.98
P 1222 596.8 1033.02
P 1223 596.8 1046.98
P 1224 623.2 1033.02
P 1225 623.2 1046.98
P 1226 -13.2 1126.98
P 1227 13.2 1113.02
P 1228 13.2 1126.98
P 1229 236.8 1113.02
P 1230 236.8 1126.98
P 1231 263.2 1113.02
P 1232 263.2 1126.98
P 1233 416.8 1113.02
P 1234 416.8 1126.98
P 1235 443.2 1113.02
P 1236 443.2 1126.98
P 1237 596.8 1113.02
P 1238 596.8 1126.98
P 1239 623.2 1113.02
P 1240 623.2 1126.98
P 1241 -13.2 1193.02
P 1242 -13.2 1206.98
P 1243 13.2 1193.02
P 1244 13.2 1206.98
P 1245 236.8 1193.02
P 1246 236.8 1206.98
P 1247 263.2 1193.02
P 1248 263.2 1206.98
P 1249 416.8 1193.02
P 1250 416.8 1206.98
P 1251 443.2 1193.02
P 1252 443.2 1206.98
P 1253 596.8 1193.02
P 1254 596.8 1206.98
P 1255 623.2 1193.02
P 1256 623.2 1206.98
P 1257 -13.2 1273.02
P 1258 -13.2 1286.98
P 1259 13.2 1273.02
P 1260 13.2 1286.98
P 1261 236.8 1273.02
P 1262 236.8 1286.98
P 1263 263.2 1273.02
P 1264 263.2 1286.98
P 1265 416.8 1273.02
P 1266 416.8 1286.98
P 1267 443.2 1273.02
P 1268 443.2 1286.98
P 1269 596.8 1273.02
P 1270 596.8 1286.98
P 1271 623.2 1273.02
P 1272 623.2 1286.98
P 1273 -623.2 1353.02
P 1274 -623.2 1366.98
P 1275 -596.8 1353.02
P 1276 -596.8 1366.98
P 1277 -443.2 1366.98
P 1278 -416.8 1366.98
P 1279 -263.2 1366.98
P 1280 -236.8 1366.98
P 1281 -13.2 1353.02
P 1282 -13.2 1366.98
P 1283 13.2 1353.02
P 1284 13.2 1366.98
P 1285 236.8 1353.02
P 1286 236.8 1366.98
P 1287 263.2 1366.98
P 1288 416.8 1353.02
P 1289 416.8 1366.98
P 1290 443.2 1353.02
P 1291 443.2 1366.98
P 1292 596.8 1353.02
P 1293 596.8 1366.98
P 1294 623.2 1353.02
P 1295 623.2 1366.98
P 1296 -623.2 1433.02
P 1297 -623.2 1446.98
P 1298 -596.8 1433.02
P 1299 -596.8 1446.98
P 1300 -443.2 1433.02
P 1301 -443.2 1446.98
P 1302 -416.8 1433.02
P 1303 -416.8 1446.98
P 1304 -263.2 1433.02
P 1305 -263.2 1446.98
P 1306 -236.8 1433.02
P 1307 -236.8 1446.98
P 1308 -13.2 1433.02
P 1309 -13.2 1446.98
P 1310 13.2 1433.02
P 1311 13.2 1446.98
P 1312 236.8 1433.02
P 1313 236.8 1446.98
P 1314 263.2 1433.02
P 1315 263.2 1446.98
P 1316 416.8 1433.02
P 1317 416.8 1446.98
P 1318 443.2 1433.02
P 1319 443.2 1446.98
P 1320 596.8 1433.02
P 1321 596.8 1446.98
P 1322 623.2 1433.02
P 1323 623.2 1446.98
P 1324 -623.2 1513.02
P 1325 -623.2 1526.98
P 1326 -596.8 1513.02
P 1327 -596.8 1526.98
P 1328 -443.2 1513.02
P 1329 -443.2 1526.98
P 1330 -416.8 1513.02
P 1331 -416.8 1526.98
P 1332 -263.2 1513.02
P 1333 -263.2 1526.98
P 1334 -236.8 1513.02
P 1335 -236.8 1526.98
P 1336 -13.2 1513.02
P 1337 -13.2 1526.98
P 1338 13.2 1513.02
P 1339 13.2 1526.98
P 1340 236.8 1513.02
P 1341 236.8 1526.98
P 1342 263.2 1513.02
P 1343 263.2 1526.98
P 1344 416.8 1513.02
P 1345 416.8 1526.98
P 1346 443.2 1513.02
P 1347 443.2 1526.98
P 1348 596.8 1513.02
P 1349 596.8 1526.98
P 1350 623.2 1513.02
P 1351 623.2 1526.98
P 1352 -623.2 1594.27
P 1353 -623.2 1605.73
P 1354 -596.8 1594.27
P 1355 -596.8 1605.73
P 1356 -443.2 1594.27
P 1357 -443.2 1605.73
P 1358 -416.8 1594.27
P 1359 -416.8 1605.73
P 1360 -263.2 1594.27
P 1361 -263.2 1605.73
P 1362 -236.8 1594.27
P 1363 -236.8 1605.73
P 1364 -13.2 1594.27
P 1365 -13.2 1605.73
P 1366 13.2 1594.27
P 1367 13.2 1605.73
P 1368 236.8 1594.27
P 1369 236.8 1605.73
P 1370 263.2 1594.27
P 1371 263.2 1605.73
P 1372 416.8 1594.27
P 1373 416.8 1605.73
P 1374 443.2 1594.27
P 1375 443.2 1605.73
P 1376 596.8 1594.27
P 1377 596.8 1605.73
P 1378 623.2 1594.27
P 1379 623.2 1605.73
P 1380 -623.2 1673.02
P 1381 -623.2 1686.98
P 1382 -596.8 1673.02
P 1383 -596.8 1686.98
P 1384 -443.2 1673.02
P 1385 -443.2 1686.98
P 1386 -416.8 1673.02
P 1387 -416.8 1686.98
P 1388 -263.2 1673.02
P 1389 -263.2 1686.98
P 1390 -236.8 1673.02
P 1391 -236.8 1686.98
P 1392 -13.2 1673.02
P 1393 -13.2 1686.98
P 1394 13.2 1673.02
P 1395 13.2 1686.98
P 1396 236.8 1673.02
P 1397 236.8 1686.98
P 1398 263.2 1673.02
P 1399 263.2 1686.98
P 1400 416.8 1673.02
P 1401 416.8 1686.98
P 1402 443.2 1673.02
P 1403 443.2 1686.98
P 1404 596.8 1673.02
P 1405 596.8 1686.98
P 1406 623.2 1673.02
P 1407 623.2 1686.98
P 1408 -623.2 1754.27
P 1409 -623.2 1765.73
P 1410 -596.8 1754.27
P 1411 -596.8 1765.73
P 1412 -443.2 1754.27
P 1413 -443.2 1765.73
P 1414 -416.8 1754.27
P 1415 -416.8 1765.73
P 1416 -263.2 1754.27
P 1417 -263.2 1765.73
P 1418 -236.8 1754.27
P 1419 -236.8 1765.73
P 1420 -13.2 1754.27
P 1421 -13.2 1765.73
P 1422 13.2 1754.27
P 1423 13.2 1765.73
P 1424 236.8 1754.27
P 1425 236.8 1765.73
P 1426 263.2 1754.27
P 1427 263.2 1765.73
P 1428 416.8 1754.27
P 1429 416.8 1765.73
P 1430 443.2 1754.27
P 1431 443.2 1765.73
P 1432 596.8 1754.27
P 1433 596.8 1765.73
P 1434 623.2 1754.27
P 1435 623.2 1765.73
P 1436 -623.2 1833.02
P 1437 -623.2 1846.98
P 1438 -596.8 1833.02
P 1439 -596.8 1846.98
P 1440 -443.2 1833.02
P 1441 -443.2 1846.98
P 1442 -416.8 1833.02
P 1443 -416.8 1846.98
P 1444 -263.2 1833.02
P 1445 -263.2 1846.98
P 1446 -236.8 1833.02
P 1447 -236.8 1846.98
P 1448 -13.2 1833.02
P 1449 -13.2 1846.98
P 1450 13.2 1833.02
P 1451 13.2 1846.98
P 1452 236.8 1833.02
P 1453 236.8 1846.98
P 1454 263.2 1833.02
P 1455 263.2 1846.98
P 1456 416.8 1833.02
P 1457 416.8 1846.98
P 1458 443.2 1833.02
P 1459 443.2 1846.98
P 1460 596.8 1833.02
P 1461 596.8 1846.98
P 1462 623.2 1833.02
P 1463 623.2 1846.98
P 1464 -623.2 1913.02
P 1465 -596.8 1913.02
P 1466 -596.8 1926.98
P 1467 -443.2 1913.02
P 1468 -443.2 1926.98
P 1469 -416.8 1913.02
P 1470 -416.8 1926.98
P 1471 -263.2 1913.02
P 1472 -263.2 1926.98
P 1473 -236.8 1913.02
P 1474 -236.8 1926.98
P 1475 -13.2 1913.02
P 1476 -13.2 1926.98
P 1477 13.2 1913.02
P 1478 13.2 1926.98
P 1479 236.8 1913.02
P 1480 236.8 1926.98
P 1481 263.2 1913.02
P 1482 263.2 1926.98
P 1483 416.8 1913.02
P 1484 416.8 1926.98
P 1485 443.2 1913.02
P 1486 443.2 1926.98
P 1487 596.8 1913.02
P 1488 596.8 1926.98
P 1489 623.2 1913.02
P 1490 623.2 1926.98
P 1491 -443.2 1993.02
P 1492 -443.2 2006.98
P 1493 -416.8 1993.02
P 1494 -416.8 2006.98
P 1495 -263.2 1993.02
P 1496 -263.2 2006.98
P 1497 -236.8 1993.02
P 1498 -236.8 2006.98
P 1499 -13.2 1993.02
P 1500 -13.2 2006.98
P 1501 13.2 1993.02
P 1502 13.2 2006.98
P 1503 236.8 1993.02
P 1504 236.8 2006.98
P 1505 263.2 1993.02
P 1506 263.2 2006.98
P 1507 416.8 1993.02
P 1508 416.8 2006.98
P 1509 443.2 1993.02
P 1510 443.2 2006.98
P 1511 596.8 1993.02
P 1512 596.8 2006.98
P 1513 623.2 1993.02
P 1514 623.2 2006.98
P 1515 -443.2 2073.02
P 1516 -443.2 2086.98
P 1517 -416.8 2073.02
P 1518 -416.8 2086.98
P 1519 -263.2 2073.02
P 1520 -263.2 2086.98
P 1521 -236.8 2073.02
P 1522 -236.8 2086.98
P 1523 -13.2 2073.02
P 1524 -13.2 2086.98
P 1525 13.2 2073.02
P 1526 13.2 2086.98
P 1527 236.8 2073.02
P 1528 236.8 2086.98
P 1529 263.2 2073.02
P 1530 263.2 2086.98
P 1531 416.8 2073.02
P 1532 416.8 2086.98
P 1533 443.2 2073.02
P 1534 443.2 2086.98
P 1535 596.8 2073.02
P 1536 596.8 2086.98
P 1537 623.2 2073.02
P 1538 623.2 2086.98
P 1539 -443.2 2153.02
P 1540 -443.2 2166.98
P 1541 -416.8 2153.02
P 1542 -416.8 2166.98
P 1543 -263.2 2153.02
P 1544 -263.2 2166.98
P 1545 -236.8 2153.02
P 1546 -236.8 2166.98
P 1547 -13.2 2153.02
P 1548 -13.2 2166.98
P 1549 13.2 2153.02
P 1550 13.2 2166.98
P 1551 236.8 2153.02
P 1552 236.8 2166.98
P 1553 263.2 2153.02
P 1554 263.2 2166.98
P 1555 416.8 2153.02
P 1556 416.8 2166.98
P 1557 443.2 2153.02
P 1558 443.2 2166.98
P 1559 596.8 2153.02
P 1560 596.8 2166.98
P 1561 623.2 2153.02
P 1562 623.2 2166.98
P 1563 -443.2 2233.02
P 1564 -443.2 2246.98
P 1565 -416.8 2233.02
P 1566 -416.8 2246.98
P 1567 -263.2 2233.02
P 1568 -263.2 2246.98
P 1569 -236.8 2233.02
P 1570 -236.8 2246.98
P 1571 -13.2 2233.02
P 1572 -13.2 2246.98
P 1573 13.2 2233.02
P 1574 13.2 2246.98
P 1575 236.8 2233.02
P 1576 236.8 2246.98
P 1577 263.2 2233.02
P 1578 263.2 2246.98
P 1579 416.8 2233.02
P 1580 416.8 2246.98
P 1581 443.2 2233.02
P 1582 443.2 2246.98
P 1583 596.8 2233.02
P 1584 596.8 2246.98
P 1585 623.2 2233.02
P 1586 623.2 2246.98
P 1587 -443.2 2313.02
P 1588 -443.2 2326.98
P 1589 -416.8 2313.02
P 1590 -416.8 2326.98
P 1591 -263.2 2313.02
P 1592 -263.2 2326.98
P 1593 -236.8 2313.02
P 1594 -236.8 2326.98
P 1595 -13.2 2313.02
P 1596 -13.2 2326.98
P 1597 13.2 2313.02
P 1598 13.2 2326.98
P 1599 236.8 2313.02
P 1600 236.8 2326.98
P 1601 263.2 2313.02
P 1602 263.2 2326.98
P 1603 416.8 2313.02
P 1604 416.8 2326.98
P 1605 443.2 2313.02
P 1606 443.2 2326.98
P 1607 596.8 2313.02
P 1608 596.8 2326.98
P 1609 623.2 2313.02
P 1610 -443.2 2393.02
P 1611 -416.8 2393.02
P 1612 -416.8 2406.98
P 1613 -263.2 2393.02
P 1614 -263.2 2406.98
P 1615 -236.8 2393.02
P 1616 -236.8 2406.98
P 1617 -13.2 2393.02
P 1618 -13.2 2406.98
P 1619 13.2 2393.02
P 1620 13.2 2406.98
P 1621 236.8 2393.02
P 1622 236.8 2406.98
P 1623 263.2 2393.02
P 1624 263.2 2406.98
P 1625 416.8 2393.02
P 1626 416.8 2406.98
P 1627 443.2 2393.02
E 0 0 6 0 0 67.29 -1
E 1 2 8 0 0 67.29 1
E 2 1 3 0 1 223.6 1
E 3 2 4 0 1 223.6 -1
E 4 0 2 1 0 26.4 0
E 5 4 10 0 0 67.29 -1
E 6 5 12 0 0 67.29 1
E 7 7 14 0 0 67.29 -1
E 8 9 16 0 0 67.29 1
E 9 8 10 0 1 223.6 1
E 10 9 11 0 1 223.6 -1
E 11 11 18 0 0 67.29 -1
E 12 13 20 0 0 67.29 1
E 13 10 12 1 0 26.4 0
E 14 15 25 0 0 66.04 -1
E 15 17 27 0 0 66.04 1
E 16 16 18 0 1 223.6 1
E 17 17 19 0 1 223.6 -1
E 18 19 29 0 0 66.04 -1
E 19 21 31 0 0 66.04 1
E 20 20 22 0 1 223.6 1
E 21 21 23 0 1 223.6 -1
E 22 20 21 1 1 13.96 0
E 23 23 33 0 0 66.04 -1
E 24 24 35 0 0 66.04 1
E 25 26 40 0 0 67.29 -1
E 26 28 42 0 0 67.29 1
E 27 27 29 0 1 223.6 1
E 28 28 30 0 1 223.6 -1
E 29 25 27 1 0 26.4 0
E 30 26 28 1 0 26.4 0
E 31 25 26 1 1 13.96 0
E 32 27 28 1 1 13.96 0
E 33 30 44 0 0 67.29 -1
E 34 32 46 0 0 67.29 1
E 35 31 33 0 1 223.6 1
E 36 32 34 0 1 223.6 -1
E 37 29 31 1 0 26.4 0
E 38 31 32 1 1 13.96 0
E 39 34 48 0 0 67.29 -1
E 40 36 50 0 0 67.29 1
E 41 33 35 1 0 26.4 0
E 42 33 34 1 1 13.96 0
E 43 37 52 0 0 67.29 -1
E 44 39 54 0 0 67.29 1
E 45 38 40 0 1 153.6 1
E 46 39 41 0 1 153.6 -1
E 47 41 56 0 0 67.29 -1
E 48 43 58 0 0 67.29 1
E 49 42 44 0 1 223.6 1
E 50 43 45 0 1 223.6 -1
E 51 40 42 1 0 26.4 0
E 52 41 43 1 0 26.4 0
E 53 40 41 1 1 11.46 0
E 54 42 43 1 1 11.46 0
E 55 45 60 0 0 67.29 -1
E 56 47 62 0 0 67.29 1
E 57 46 48 0 1 223.6 1
E 58 47 49 0 1 223.6 -1
E 59 44 46 1 0 26.4 0
E 60 45 47 1 0 26.4 0
E 61 44 45 1 1 11.46 0
E 62 46 47 1 1 11.46 0
E 63 49 64 0 0 67.29 -1
E 64 51 66 0 0 67.29 1
E 65 48 50 1 0 26.4 0
E 66 49 51 1 0 26.4 0
E 67 48 49 1 1 11.46 0
E 68 53 68 0 0 66.04 -1
E 69 55 70 0 0 66.04 1
E 70 54 56 0 1 153.6 1
E 71 55 57 0 1 153.6 -1
E 72 53 55 1 0 26.4 0
E 73 54 55 1 1 13.96 0
E 74 57 72 0 0 66.04 -1
E 75 59 74 0 0 66.04 1
E 76 58 60 0 1 223.6 1
E 77 59 61 0 1 223.6 -1
E 78 56 58 1 0 26.4 0
E 79 57 59 1 0 26.4 0
E 80 56 57 1 1 13.96 0
E 81 58 59 1 1 13.96 0
E 82 61 76 0 0 66.04 -1
E 83 63 78 0 0 66.04 1
E 84 62 64 0 1 223.6 1
E 85 63 65 0 1 223.6 -1
E 86 60 62 1 0 26.4 0
E 87 61 63 1 0 26.4 0
E 88 60 61 1 1 13.96 0
E 89 62 63 1 1 13.96 0
E 90 65 80 0 0 66.04 -1
E 91 67 82 0 0 66.04 1
E 92 64 66 1 0 26.4 0
E 93 65 67 1 0 26.4 0
E 94 64 65 1 1 13.96 0
E 95 66 67 1 1 13.96 0
E 96 69 87 0 0 62.04 -1
E 97 71 89 0 0 62.04 1
E 98 70 72 0 1 153.6 1
E 99 71 73 0 1 153.6 -1
E 100 73 91 0 0 62.04 -1
E 101 75 93 0 0 62.04 1
E 102 74 76 0 1 223.6 1
E 103 75 77 0 1 223.6 -1
E 104 72 74 1 0 26.4 0
E 105 73 75 1 0 26.4 0
E 106 72 73 1 1 13.96 0
E 107 74 75 1 1 13.96 0
E 108 77 95 0 0 62.04 -1
E 109 79 97 0 0 62.04 1
E 110 78 80 0 1 223.6 1
E 111 79 81 0 1 223.6 -1
E 112 81 99 0 0 62.04 -1
E 113 83 101 0 0 62.04 1
E 114 82 84 0 1 153.6 1
E 115 83 85 0 1 153.6 -1
E 116 85 103 0 0 62.04 -1
E 117 86 105 0 0 62.04 1
E 118 85 86 1 0 26.4 0
E 119 88 107 0 0 63.29 -1
E 120 90 109 0 0 63.29 1
E 121 89 91 0 1 153.6 1
E 122 90 92 0 1 153.6 -1
E 123 87 89 1 0 26.4 0
E 124 92 111 0 0 63.29 -1
E 125 94 113 0 0 63.29 1
E 126 93 95 0 1 223.6 1
E 127 94 96 0 1 223.6 -1
E 128 91 93 1 0 26.4 0
E 129 91 92 1 1 21.96 0
E 130 96 115 0 0 63.29 -1
E 131 98 117 0 0 63.29 1
E 132 97 99 0 1 223.6 1
E 133 98 100 0 1 223.6 -1
E 134 95 97 1 0 26.4 0
E 135 100 119 0 0 63.29 -1
E 136 102 121 0 0 63.29 1
E 137 101 103 0 1 153.6 1
E 138 102 104 0 1 153.6 -1
E 139 104 123 0 0 63.29 -1
E 140 106 125 0 0 63.29 1
E 141 103 105 1 0 26.4 0
E 142 104 106 1 0 26.4 0
E 143 103 104 1 1 21.96 0
E 144 108 127 0 0 67.29 -1
E 145 110 129 0 0 67.29 1
E 146 109 111 0 1 153.6 1
E 147 110 112 0 1 153.6 -1
E 148 108 110 1 0 26.4 0
E 149 112 131 0 0 67.29 -1
E 150 114 133 0 0 67.29 1
E 151 113 115 0 1 223.6 1
E 152 114 116 0 1 223.6 -1
E 153 111 113 1 0 26.4 0
E 154 111 112 1 1 11.46 0
E 155 116 135 0 0 67.29 -1
E 156 118 137 0 0 67.29 1
E 157 117 119 0 1 223.6 1
E 158 118 120 0 1 223.6 -1
E 159 120 139 0 0 67.29 -1
E 160 122 141 0 0 67.29 1
E 161 121 123 0 1 153.6 1
E 162 122 124 0 1 153.6 -1
E 163 124 143 0 0 67.29 -1
E 164 126 145 0 0 67.29 1
E 165 123 125 1 0 26.4 0
E 166 124 126 1 0 26.4 0
E 167 123 124 1 1 11.46 0
E 168 128 147 0 0 66.04 -1
E 169 130 149 0 0 66.04 1
E 170 129 131 0 1 153.6 1
E 171 130 132 0 1 153.6 -1
E 172 128 130 1 0 26.4 0
E 173 132 151 0 0 66.04 -1
E 174 134 153 0 0 66.04 1
E 175 133 135 0 1 223.6 1
E 176 134 136 0 1 223.6 -1
E 177 132 134 1 0 26.4 0
E 178 131 132 1 1 13.96 0
E 179 136 155 0 0 66.04 -1
E 180 138 157 0 0 66.04 1
E 181 137 139 0 1 223.6 1
E 182 138 140 0 1 223.6 -1
E 183 136 138 1 0 26.4 0
E 184 135 136 1 1 13.96 0
E 185 140 159 0 0 66.04 -1
E 186 142 161 0 0 66.04 1
E 187 141 143 0 1 153.6 1
E 188 142 144 0 1 153.6 -1
E 189 144 163 0 0 66.04 -1
E 190 146 165 0 0 66.04 1
E 191 143 145 1 0 26.4 0
E 192 144 146 1 0 26.4 0
E 193 143 144 1 1 13.96 0
E 194 148 167 0 0 62.04 -1
E 195 150 169 0 0 62.04 1
E 196 149 151 0 1 153.6 1
E 197 150 152 0 1 153.6 -1
E 198 152 171 0 0 62.04 -1
E 199 154 173 0 0 62.04 1
E 200 153 155 0 1 223.6 1
E 201 154 156 0 1 223.6 -1
E 202 152 154 1 0 26.4 0
E 203 151 152 1 1 13.96 0
E 204 156 175 0 0 62.04 -1
E 205 158 177 0 0 62.04 1
E 206 157 159 0 1 223.6 1
E 207 158 160 0 1 223.6 -1
E 208 155 157 1 0 26.4 0
E 209 156 158 1 0 26.4 0
E 210 155 156 1 1 13.96 0
E 211 157 158 1 1 13.96 0
E 212 160 179 0 0 62.04 -1
E 213 162 181 0 0 62.04 1
E 214 161 163 0 1 153.6 1
E 215 162 164 0 1 153.6 -1
E 216 164 183 0 0 62.04 -1
E 217 166 185 0 0 62.04 1
E 218 163 165 1 0 26.4 0
E 219 164 166 1 0 26.4 0
E 220 163 164 1 1 13.96 0
E 221 168 187 0 0 62.04 -1
E 222 170 189 0 0 62.04 1
E 223 169 171 0 1 153.6 1
E 224 170 172 0 1 153.6 -1
E 225 169 170 1 1 21.96 0
E 226 172 191 0 0 62.04 -1
E 227 174 193 0 0 62.04 1
E 228 173 175 0 1 223.6 1
E 229 174 176 0 1 223.6 -1
E 230 171 173 1 0 26.4 0
E 231 172 174 1 0 26.4 0
E 232 171 172 1 1 21.96 0
E 233 173 174 1 1 21.96 0
E 234 176 195 0 0 62.04 -1
E 235 178 197 0 0 62.04 1
E 236 177 179 0 1 223.6 1
E 237 178 180 0 1 223.6 -1
E 238 175 177 1 0 26.4 0
E 239 176 178 1 0 26.4 0
E 240 175 176 1 1 21.96 0
E 241 177 178 1 1 21.96 0
E 242 180 199 0 0 62.04 -1
E 243 182 201 0 0 62.04 1
E 244 181 183 0 1 153.6 1
E 245 182 184 0 1 153.6 -1
E 246 179 181 1 0 26.4 0
E 247 179 180 1 1 21.96 0
E 248 184 203 0 0 62.04 -1
E 249 186 205 0 0 62.04 1
E 250 183 185 1 0 26.4 0
E 251 184 186 1 0 26.4 0
E 252 183 184 1 1 21.96 0
E 253 188 207 0 0 67.29 -1
E 254 190 209 0 0 67.29 1
E 255 189 191 0 1 153.6 1
E 256 190 192 0 1 153.6 -1
E 257 192 211 0 0 67.29 -1
E 258 194 213 0 0 67.29 1
E 259 193 195 0 1 223.6 1
E 260 194 196 0 1 223.6 -1
E 261 191 193 1 0 26.4 0
E 262 192 194 1 0 26.4 0
E 263 191 192 1 1 13.96 0
E 264 193 194 1 1 13.96 0
E 265 196 215 0 0 67.29 -1
E 266 198 217 0 0 67.29 1
E 267 197 199 0 1 223.6 1
E 268 198 200 0 1 223.6 -1
E 269 195 197 1 0 26.4 0
E 270 197 198 1 1 13.96 0
E 271 200 219 0 0 67.29 -1
E 272 202 221 0 0 67.29 1
E 273 201 203 0 1 153.6 1
E 274 202 204 0 1 153.6 -1
E 275 204 223 0 0 67.29 -1
E 276 206 225 0 0 67.29 1
E 277 203 205 1 0 26.4 0
E 278 204 206 1 0 26.4 0
E 279 203 204 1 1 13.96 0
E 280 205 206 1 1 13.96 0
E 281 208 227 0 0 67.29 -1
E 282 210 229 0 0 67.29 1
E 283 209 211 0 1 153.6 1
E 284 210 212 0 1 153.6 -1
E 285 207 209 1 0 26.4 0
E 286 212 231 0 0 67.29 -1
E 287 214 233 0 0 67.29 1
E 288 213 215 0 1 223.6 1
E 289 214 216 0 1 223.6 -1
E 290 212 214 1 0 26.4 0
E 291 211 212 1 1 11.46 0
E 292 216 235 0 0 67.29 -1
E 293 218 237 0 0 67.29 1
E 294 217 219 0 1 223.6 1
E 295 218 220 0 1 223.6 -1
E 296 220 239 0 0 67.29 -1
E 297 222 241 0 0 67.29 1
E 298 221 223 0 1 153.6 1
E 299 222 224 0 1 153.6 -1
E 300 224 243 0 0 67.29 -1
E 301 226 245 0 0 67.29 1
E 302 223 225 1 0 26.4 0
E 303 224 226 1 0 26.4 0
E 304 223 224 1 1 11.46 0
E 305 225 226 1 1 11.46 0
E 306 228 250 0 0 66.04 -1
E 307 230 252 0 0 66.04 1
E 308 229 231 0 1 153.6 1
E 309 230 232 0 1 153.6 -1
E 310 227 229 1 0 26.4 0
E 311 228 230 1 0 26.4 0
E 312 229 230 1 1 13.96 0
E 313 232 254 0 0 66.04 -1
E 314 234 256 0 0 66.04 1
E 315 233 235 0 1 223.6 1
E 316 234 236 0 1 223.6 -1
E 317 232 234 1 0 26.4 0
E 318 231 232 1 1 13.96 0
E 319 236 258 0 0 66.04 -1
E 320 238 260 0 0 66.04 1
E 321 237 239 0 1 223.6 1
E 322 238 240 0 1 223.6 -1
E 323 236 238 1 0 26.4 0
E 324 235 236 1 1 13.96 0
E 325 240 262 0 0 66.04 -1
E 326 242 264 0 0 66.04 1
E 327 241 243 0 1 153.6 1
E 328 242 244 0 1 153.6 -1
E 329 244 266 0 0 66.04 -1
E 330 246 268 0 0 66.04 1
E 331 245 247 0 1 153.6 1
E 332 246 248 0 1 153.6 -1
E 333 243 245 1 0 26.4 0
E 334 244 246 1 0 26.4 0
E 335 243 244 1 1 13.96 0
E 336 245 246 1 1 13.96 0
E 337 248 270 0 0 66.04 -1
E 338 249 272 0 0 66.04 1
E 339 251 274 0 0 66.04 -1
E 340 253 276 0 0 66.04 1
E 341 252 254 0 1 153.6 1
E 342 253 255 0 1 153.6 -1
E 343 255 278 0 0 66.04 -1
E 344 257 280 0 0 66.04 1
E 345 256 258 0 1 223.6 1
E 346 257 259 0 1 223.6 -1
E 347 254 256 1 0 26.4 0
E 348 254 255 1 1 13.96 0
E 349 260 262 0 1 223.6 1
E 350 261 263 0 1 223.6 -1
E 351 258 260 1 0 26.4 0
E 352 263 282 0 0 66.04 -1
E 353 265 284 0 0 66.04 1
E 354 264 266 0 1 153.6 1
E 355 265 267 0 1 153.6 -1
E 356 267 286 0 0 66.04 -1
E 357 269 288 0 0 66.04 1
E 358 268 270 0 1 153.6 1
E 359 269 271 0 1 153.6 -1
E 360 266 268 1 0 26.4 0
E 361 267 269 1 0 26.4 0
E 362 266 267 1 1 13.96 0
E 363 268 269 1 1 13.96 0
E 364 271 290 0 0 66.04 -1
E 365 273 292 0 0 66.04 1
E 366 270 271 1 1 13.96 0
E 367 275 294 0 0 66.04 -1
E 368 277 296 0 0 66.04 1
E 369 276 278 0 1 153.6 1
E 370 277 279 0 1 153.6 -1
E 371 274 275 1 1 13.96 0
E 372 279 298 0 0 66.04 -1
E 373 281 300 0 0 66.04 1
E 374 278 279 1 1 13.96 0
E 375 283 302 0 0 66.04 -1
E 376 285 304 0 0 66.04 1
E 377 284 286 0 1 153.6 1
E 378 285 287 0 1 153.6 -1
E 379 284 285 1 1 13.96 0
E 380 287 306 0 0 66.04 -1
E 381 289 308 0 0 66.04 1
E 382 288 290 0 1 153.6 1
E 383 289 291 0 1 153.6 -1
E 384 286 288 1 0 26.4 0
E 385 287 289 1 0 26.4 0
E 386 286 287 1 1 13.96 0
E 387 288 289 1 1 13.96 0
E 388 291 310 0 0 66.04 -1
E 389 293 312 0 0 66.04 1
E 390 291 293 1 0 26.4 0
E 391 295 314 0 0 67.29 -1
E 392 297 316 0 0 67.29 1
E 393 296 298 0 1 153.6 1
E 394 297 299 0 1 153.6 -1
E 395 294 296 1 0 26.4 0
E 396 299 318 0 0 67.29 -1
E 397 301 320 0 0 67.29 1
E 398 298 299 1 1 13.96 0
E 399 303 322 0 0 67.29 -1
E 400 305 324 0 0 67.29 1
E 401 304 306 0 1 153.6 1
E 402 305 307 0 1 153.6 -1
E 403 304 305 1 1 13.96 0
E 404 307 326 0 0 67.29 -1
E 405 309 328 0 0 67.29 1
E 406 308 310 0 1 153.6 1
E 407 309 311 0 1 153.6 -1
E 408 306 308 1 0 26.4 0
E 409 307 309 1 0 26.4 0
E 410 306 307 1 1 13.96 0
E 411 308 309 1 1 13.96 0
E 412 311 330 0 0 67.29 -1
E 413 313 332 0 0 67.29 1
E 414 315 334 0 0 67.29 -1
E 415 317 336 0 0 67.29 1
E 416 316 318 0 1 153.6 1
E 417 317 319 0 1 153.6 -1
E 418 319 338 0 0 67.29 -1
E 419 321 340 0 0 67.29 1
E 420 318 319 1 1 11.46 0
E 421 323 342 0 0 67.29 -1
E 422 325 344 0 0 67.29 1
E 423 324 326 0 1 153.6 1
E 424 325 327 0 1 153.6 -1
E 425 327 346 0 0 67.29 -1
E 426 329 348 0 0 67.29 1
E 427 328 330 0 1 153.6 1
E 428 329 331 0 1 153.6 -1
E 429 326 328 1 0 26.4 0
E 430 327 329 1 0 26.4 0
E 431 326 327 1 1 11.46 0
E 432 328 329 1 1 11.46 0
E 433 331 350 0 0 67.29 -1
E 434 333 352 0 0 67.29 1
E 435 330 332 1 0 26.4 0
E 436 331 333 1 0 26.4 0
E 437 330 331 1 1 11.46 0
E 438 335 356 0 0 67.29 -1
E 439 337 358 0 0 67.29 1
E 440 336 338 0 1 153.6 1
E 441 337 339 0 1 153.6 -1
E 442 335 337 1 0 26.4 0
E 443 339 360 0 0 67.29 -1
E 444 341 362 0 0 67.29 1
E 445 338 339 1 1 13.96 0
E 446 343 364 0 0 67.29 -1
E 447 345 366 0 0 67.29 1
E 448 344 346 0 1 153.6 1
E 449 345 347 0 1 153.6 -1
E 450 344 345 1 1 13.96 0
E 451 347 368 0 0 67.29 -1
E 452 349 370 0 0 67.29 1
E 453 348 350 0 1 153.6 1
E 454 349 351 0 1 153.6 -1
E 455 346 348 1 0 26.4 0
E 456 347 349 1 0 26.4 0
E 457 346 347 1 1 13.96 0
E 458 348 349 1 1 13.96 0
E 459 351 372 0 0 67.29 -1
E 460 353 374 0 0 67.29 1
E 461 350 352 1 0 26.4 0
E 462 354 376 0 0 63.29 -1
E 463 355 378 0 0 63.29 1
E 464 357 380 0 0 63.29 -1
E 465 359 382 0 0 63.29 1
E 466 358 360 0 1 153.6 1
E 467 359 361 0 1 153.6 -1
E 468 356 357 1 1 11.46 0
E 469 361 384 0 0 63.29 -1
E 470 363 386 0 0 63.29 1
E 471 360 361 1 1 11.46 0
E 472 365 388 0 0 63.29 -1
E 473 367 390 0 0 63.29 1
E 474 366 368 0 1 153.6 1
E 475 367 369 0 1 153.6 -1
E 476 369 392 0 0 63.29 -1
E 477 371 394 0 0 63.29 1
E 478 370 372 0 1 153.6 1
E 479 371 373 0 1 153.6 -1
E 480 368 370 1 0 26.4 0
E 481 369 371 1 0 26.4 0
E 482 368 369 1 1 11.46 0
E 483 370 371 1 1 11.46 0
E 484 373 396 0 0 63.29 -1
E 485 375 398 0 0 63.29 1
E 486 377 400 0 0 62.04 -1
E 487 379 402 0 0 62.04 1
E 488 378 379 1 1 21.96 0
E 489 381 404 0 0 62.04 -1
E 490 383 406 0 0 62.04 1
E 491 382 384 0 1 153.6 1
E 492 383 385 0 1 153.6 -1
E 493 380 382 1 0 26.4 0
E 494 381 383 1 0 26.4 0
E 495 380 381 1 1 21.96 0
E 496 382 383 1 1 21.96 0
E 497 385 408 0 0 62.04 -1
E 498 387 410 0 0 62.04 1
E 499 384 385 1 1 21.96 0
E 500 389 412 0 0 62.04 -1
E 501 391 414 0 0 62.04 1
E 502 390 392 0 1 153.6 1
E 503 391 393 0 1 153.6 -1
E 504 390 391 1 1 21.96 0
E 505 393 416 0 0 62.04 -1
E 506 395 418 0 0 62.04 1
E 507 394 396 0 1 153.6 1
E 508 395 397 0 1 153.6 -1
E 509 392 394 1 0 26.4 0
E 510 393 395 1 0 26.4 0
E 511 392 393 1 1 21.96 0
E 512 394 395 1 1 21.96 0
E 513 397 420 0 0 62.04 -1
E 514 399 422 0 0 62.04 1
E 515 401 424 0 0 66.04 -1
E 516 403 426 0 0 66.04 1
E 517 402 403 1 1 13.96 0
E 518 405 428 0 0 66.04 -1
E 519 407 430 0 0 66.04 1
E 520 406 408 0 1 153.6 1
E 521 407 409 0 1 153.6 -1
E 522 409 432 0 0 66.04 -1
E 523 411 434 0 0 66.04 1
E 524 408 409 1 1 13.96 0
E 525 413 436 0 0 66.04 -1
E 526 415 438 0 0 66.04 1
E 527 414 416 0 1 153.6 1
E 528 415 417 0 1 153.6 -1
E 529 417 440 0 0 66.04 -1
E 530 419 442 0 0 66.04 1
E 531 418 420 0 1 153.6 1
E 532 419 421 0 1 153.6 -1
E 533 416 418 1 0 26.4 0
E 534 417 419 1 0 26.4 0
E 535 416 417 1 1 13.96 0
E 536 418 419 1 1 13.96 0
E 537 421 444 0 0 66.04 -1
E 538 423 446 0 0 66.04 1
E 539 420 422 1 0 26.4 0
E 540 425 448 0 0 67.29 -1
E 541 427 450 0 0 67.29 1
E 542 426 427 1 1 13.96 0
E 543 429 452 0 0 67.29 -1
E 544 431 454 0 0 67.29 1
E 545 430 432 0 1 153.6 1
E 546 431 433 0 1 153.6 -1
E 547 428 430 1 0 26.4 0
E 548 428 429 1 1 13.96 0
E 549 433 456 0 0 67.29 -1
E 550 435 458 0 0 67.29 1
E 551 432 433 1 1 13.96 0
E 552 437 460 0 0 67.29 -1
E 553 439 462 0 0 67.29 1
E 554 438 440 0 1 153.6 1
E 555 439 441 0 1 153.6 -1
E 556 441 464 0 0 67.29 -1
E 557 443 466 0 0 67.29 1
E 558 442 444 0 1 153.6 1
E 559 443 445 0 1 153.6 -1
E 560 440 442 1 0 26.4 0
E 561 441 443 1 0 26.4 0
E 562 440 441 1 1 13.96 0
E 563 442 443 1 1 13.96 0
E 564 445 468 0 0 67.29 -1
E 565 447 470 0 0 67.29 1
E 566 444 446 1 0 26.4 0
E 567 445 447 1 0 26.4 0
E 568 444 445 1 1 13.96 0
E 569 449 472 0 0 67.29 -1
E 570 451 474 0 0 67.29 1
E 571 453 476 0 0 67.29 -1
E 572 455 478 0 0 67.29 1
E 573 454 456 0 1 153.6 1
E 574 455 457 0 1 153.6 -1
E 575 452 454 1 0 26.4 0
E 576 452 453 1 1 11.46 0
E 577 457 480 0 0 67.29 -1
E 578 459 482 0 0 67.29 1
E 579 456 457 1 1 11.46 0
E 580 461 484 0 0 67.29 -1
E 581 463 486 0 0 67.29 1
E 582 462 464 0 1 153.6 1
E 583 463 465 0 1 153.6 -1
E 584 462 463 1 1 11.46 0
E 585 465 488 0 0 67.29 -1
E 586 467 490 0 0 67.29 1
E 587 466 468 0 1 153.6 1
E 588 467 469 0 1 153.6 -1
E 589 464 466 1 0 26.4 0
E 590 465 467 1 0 26.4 0
E 591 464 465 1 1 11.46 0
E 592 466 467 1 1 11.46 0
E 593 469 492 0 0 67.29 -1
E 594 471 494 0 0 67.29 1
E 595 469 471 1 0 26.4 0
E 596 473 496 0 0 66.04 -1
E 597 475 498 0 0 66.04 1
E 598 474 475 1 1 13.96 0
E 599 477 500 0 0 66.04 -1
E 600 479 502 0 0 66.04 1
E 601 478 480 0 1 153.6 1
E 602 479 481 0 1 153.6 -1
E 603 476 478 1 0 26.4 0
E 604 481 504 0 0 66.04 -1
E 605 483 506 0 0 66.04 1
E 606 480 481 1 1 13.96 0
E 607 485 508 0 0 66.04 -1
E 608 487 510 0 0 66.04 1
E 609 486 488 0 1 153.6 1
E 610 487 489 0 1 153.6 -1
E 611 486 487 1 1 13.96 0
E 612 489 512 0 0 66.04 -1
E 613 491 514 0 0 66.04 1
E 614 490 492 0 1 153.6 1
E 615 491 493 0 1 153.6 -1
E 616 488 490 1 0 26.4 0
E 617 489 491 1 0 26.4 0
E 618 488 489 1 1 13.96 0
E 619 490 491 1 1 13.96 0
E 620 493 516 0 0 66.04 -1
E 621 495 518 0 0 66.04 1
E 622 497 520 0 0 62.04 -1
E 623 499 522 0 0 62.04 1
E 624 501 524 0 0 62.04 -1
E 625 503 526 0 0 62.04 1
E 626 502 504 0 1 153.6 1
E 627 503 505 0 1 153.6 -1
E 628 501 503 1 0 26.4 0
E 629 500 501 1 1 13.96 0
E 630 505 528 0 0 62.04 -1
E 631 507 530 0 0 62.04 1
E 632 504 505 1 1 13.96 0
E 633 509 532 0 0 62.04 -1
E 634 511 534 0 0 62.04 1
E 635 510 512 0 1 153.6 1
E 636 511 513 0 1 153.6 -1
E 637 510 511 1 1 13.96 0
E 638 513 536 0 0 62.04 -1
E 639 515 538 0 0 62.04 1
E 640 514 516 0 1 153.6 1
E 641 515 517 0 1 153.6 -1
E 642 512 514 1 0 26.4 0
E 643 513 515 1 0 26.4 0
E 644 512 513 1 1 13.96 0
E 645 514 515 1 1 13.96 0
E 646 517 540 0 0 62.04 -1
E 647 519 542 0 0 62.04 1
E 648 516 518 1 0 26.4 0
E 649 517 519 1 0 26.4 0
E 650 516 517 1 1 13.96 0
E 651 521 544 0 0 62.04 -1
E 652 523 546 0 0 62.04 1
E 653 521 523 1 0 26.4 0
E 654 525 548 0 0 62.04 -1
E 655 527 550 0 0 62.04 1
E 656 526 528 0 1 153.6 1
E 657 527 529 0 1 153.6 -1
E 658 524 526 1 0 26.4 0
E 659 526 527 1 1 21.96 0
E 660 529 552 0 0 62.04 -1
E 661 531 554 0 0 62.04 1
E 662 528 529 1 1 21.96 0
E 663 533 556 0 0 62.04 -1
E 664 535 558 0 0 62.04 1
E 665 534 536 0 1 153.6 1
E 666 535 537 0 1 153.6 -1
E 667 534 535 1 1 21.96 0
E 668 537 560 0 0 62.04 -1
E 669 539 562 0 0 62.04 1
E 670 538 540 0 1 153.6 1
E 671 539 541 0 1 153.6 -1
E 672 536 538 1 0 26.4 0
E 673 537 539 1 0 26.4 0
E 674 536 537 1 1 21.96 0
E 675 538 539 1 1 21.96 0
E 676 541 564 0 0 62.04 -1
E 677 543 566 0 0 62.04 1
E 678 540 542 1 0 26.4 0
E 679 541 543 1 0 26.4 0
E 680 540 541 1 1 21.96 0
E 681 545 568 0 0 66.04 -1
E 682 547 570 0 0 66.04 1
E 683 546 547 1 1 13.96 0
E 684 549 572 0 0 66.04 -1
E 685 551 574 0 0 66.04 1
E 686 550 552 0 1 153.6 1
E 687 551 553 0 1 153.6 -1
E 688 549 551 1 0 26.4 0
E 689 548 549 1 1 13.96 0
E 690 553 576 0 0 66.04 -1
E 691 555 578 0 0 66.04 1
E 692 552 553 1 1 13.96 0
E 693 557 580 0 0 66.04 -1
E 694 559 582 0 0 66.04 1
E 695 558 560 0 1 153.6 1
E 696 559 561 0 1 153.6 -1
E 697 561 584 0 0 66.04 -1
E 698 563 586 0 0 66.04 1
E 699 562 564 0 1 153.6 1
E 700 563 565 0 1 153.6 -1
E 701 560 562 1 0 26.4 0
E 702 561 563 1 0 26.4 0
E 703 560 561 1 1 13.96 0
E 704 562 563 1 1 13.96 0
E 705 565 588 0 0 66.04 -1
E 706 567 590 0 0 66.04 1
E 707 564 566 1 0 26.4 0
E 708 565 567 1 0 26.4 0
E 709 564 565 1 1 13.96 0
E 710 569 592 0 0 66.04 -1
E 711 571 594 0 0 66.04 1
E 712 568 570 1 0 26.4 0
E 713 575 597 0 0 66.04 1
E 714 574 576 0 1 153.6 1
E 715 575 577 0 1 153.6 -1
E 716 572 574 1 0 26.4 0
E 717 573 575 1 0 26.4 0
E 718 572 573 1 1 13.96 0
E 719 574 575 1 1 13.96 0
E 720 577 599 0 0 66.04 -1
E 721 579 601 0 0 66.04 1
E 722 576 577 1 1 13.96 0
E 723 581 603 0 0 66.04 -1
E 724 583 605 0 0 66.04 1
E 725 582 584 0 1 153.6 1
E 726 583 585 0 1 153.6 -1
E 727 585 607 0 0 66.04 -1
E 728 587 609 0 0 66.04 1
E 729 586 588 0 1 153.6 1
E 730 587 589 0 1 153.6 -1
E 731 584 586 1 0 26.4 0
E 732 585 587 1 0 26.4 0
E 733 584 585 1 1 13.96 0
E 734 586 587 1 1 13.96 0
E 735 589 611 0 0 66.04 -1
E 736 591 613 0 0 66.04 1
E 737 588 590 1 0 26.4 0
E 738 593 615 0 0 66.04 -1
E 739 595 617 0 0 66.04 1
E 740 595 596 0 1 153.6 -1
E 741 593 595 1 0 26.4 0
E 742 594 595 1 1 13.96 0
E 743 598 621 0 0 66.04 1
E 744 597 599 0 1 153.6 1
E 745 598 600 0 1 153.6 -1
E 746 600 623 0 0 66.04 -1
E 747 602 625 0 0 66.04 1
E 748 599 600 1 1 13.96 0
E 749 604 627 0 0 66.04 -1
E 750 606 629 0 0 66.04 1
E 751 605 607 0 1 153.6 1
E 752 606 608 0 1 153.6 -1
E 753 608 631 0 0 66.04 -1
E 754 610 633 0 0 66.04 1
E 755 609 611 0 1 153.6 1
E 756 610 612 0 1 153.6 -1
E 757 607 609 1 0 26.4 0
E 758 608 610 1 0 26.4 0
E 759 607 608 1 1 13.96 0
E 760 609 610 1 1 13.96 0
E 761 612 635 0 0 66.04 -1
E 762 614 637 0 0 66.04 1
E 763 611 613 1 0 26.4 0
E 764 612 614 1 0 26.4 0
E 765 611 612 1 1 13.96 0
E 766 616 639 0 0 66.04 -1
E 767 618 641 0 0 66.04 1
E 768 617 619 0 1 153.6 1
E 769 618 620 0 1 153.6 -1
E 770 617 618 1 1 13.96 0
E 771 620 643 0 0 66.04 -1
E 772 621 623 0 1 153.6 1
E 773 622 624 0 1 153.6 -1
E 774 619 621 1 0 26.4 0
E 775 619 620 1 1 13.96 0
E 776 624 646 0 0 66.04 -1
E 777 626 648 0 0 66.04 1
E 778 623 624 1 1 13.96 0
E 779 628 650 0 0 66.04 -1
E 780 630 652 0 0 66.04 1
E 781 629 631 0 1 153.6 1
E 782 630 632 0 1 153.6 -1
E 783 632 654 0 0 66.04 -1
E 784 634 656 0 0 66.04 1
E 785 633 635 0 1 153.6 1
E 786 634 636 0 1 153.6 -1
E 787 631 633 1 0 26.4 0
E 788 632 634 1 0 26.4 0
E 789 631 632 1 1 13.96 0
E 790 633 634 1 1 13.96 0
E 791 636 658 0 0 66.04 -1
E 792 638 660 0 0 66.04 1
E 793 635 637 1 0 26.4 0
E 794 636 638 1 0 26.4 0
E 795 635 636 1 1 13.96 0
E 796 640 662 0 0 66.04 -1
E 797 642 664 0 0 66.04 1
E 798 641 643 0 1 153.6 1
E 799 642 644 0 1 153.6 -1
E 800 639 641 1 0 26.4 0
E 801 644 666 0 0 66.04 -1
E 802 645 668 0 0 66.04 1
E 803 647 670 0 0 66.04 -1
E 804 649 672 0 0 66.04 1
E 805 646 647 1 1 13.96 0
E 806 651 674 0 0 66.04 -1
E 807 653 676 0 0 66.04 1
E 808 652 654 0 1 153.6 1
E 809 653 655 0 1 153.6 -1
E 810 655 678 0 0 66.04 -1
E 811 657 680 0 0 66.04 1
E 812 656 658 0 1 153.6 1
E 813 657 659 0 1 153.6 -1
E 814 654 656 1 0 26.4 0
E 815 655 657 1 0 26.4 0
E 816 654 655 1 1 13.96 0
E 817 656 657 1 1 13.96 0
E 818 659 682 0 0 66.04 -1
E 819 661 684 0 0 66.04 1
E 820 663 686 0 0 66.04 -1
E 821 665 688 0 0 66.04 1
E 822 664 666 0 1 153.6 1
E 823 665 667 0 1 153.6 -1
E 824 662 664 1 0 26.4 0
E 825 663 665 1 0 26.4 0
E 826 664 665 1 1 13.96 0
E 827 667 690 0 0 66.04 -1
E 828 669 692 0 0 66.04 1
E 829 666 668 1 0 26.4 0
E 830 667 669 1 0 26.4 0
E 831 666 667 1 1 13.96 0
E 832 668 669 1 1 13.96 0
E 833 671 694 0 0 66.04 -1
E 834 673 695 0 0 66.04 1
E 835 670 671 1 1 13.96 0
E 836 675 697 0 0 66.04 -1
E 837 677 699 0 0 66.04 1
E 838 676 678 0 1 153.6 1
E 839 677 679 0 1 153.6 -1
E 840 676 677 1 1 13.96 0
E 841 679 701 0 0 66.04 -1
E 842 681 703 0 0 66.04 1
E 843 680 682 0 1 153.6 1
E 844 681 683 0 1 153.6 -1
E 845 678 680 1 0 26.4 0
E 846 679 681 1 0 26.4 0
E 847 678 679 1 1 13.96 0
E 848 680 681 1 1 13.96 0
E 849 683 705 0 0 66.04 -1
E 850 685 707 0 0 66.04 1
E 851 682 684 1 0 26.4 0
E 852 683 685 1 0 26.4 0
E 853 682 683 1 1 13.96 0
E 854 687 709 0 0 66.04 -1
E 855 689 711 0 0 66.04 1
E 856 688 690 0 1 153.6 1
E 857 689 691 0 1 153.6 -1
E 858 686 688 1 0 26.4 0
E 859 687 689 1 0 26.4 0
E 860 688 689 1 1 13.96 0
E 861 691 713 0 0 66.04 -1
E 862 693 715 0 0 66.04 1
E 863 690 692 1 0 26.4 0
E 864 690 691 1 1 13.96 0
E 865 696 719 0 0 65.32 1
E 866 698 725 0 0 66.04 -1
E 867 700 727 0 0 66.04 1
E 868 699 701 0 1 153.6 1
E 869 700 702 0 1 153.6 -1
E 870 699 700 1 1 13.96 0
E 871 702 729 0 0 66.04 -1
E 872 704 731 0 0 66.04 1
E 873 703 705 0 1 153.6 1
E 874 704 706 0 1 153.6 -1
E 875 701 703 1 0 26.4 0
E 876 702 704 1 0 26.4 0
E 877 701 702 1 1 13.96 0
E 878 703 704 1 1 13.96 0
E 879 706 733 0 0 66.04 -1
E 880 708 735 0 0 66.04 1
E 881 705 707 1 0 26.4 0
E 882 706 708 1 0 26.4 0
E 883 705 706 1 1 13.96 0
E 884 710 737 0 0 62.04 -1
E 885 712 739 0 0 62.04 1
E 886 711 713 0 1 153.6 1
E 887 712 714 0 1 153.6 -1
E 888 714 741 0 0 62.04 -1
E 889 716 743 0 0 62.04 1
E 890 715 717 0 1 152.8 1
E 891 716 718 0 1 152.8 -1
E 892 713 714 1 1 13.96 0
E 893 718 745 0 0 61.33 -1
E 894 719 721 0 1 222.8 1
E 895 717 719 1 0 28 0
E 896 718 720 1 0 28 0
E 897 717 718 1 1 15.4 0
E 898 719 720 1 1 15.4 0
E 899 722 748 0 0 62.04 -1
E 900 724 750 0 0 62.04 1
E 901 723 725 0 1 223.6 1
E 902 724 726 0 1 223.6 -1
E 903 726 752 0 0 62.04 -1
E 904 728 754 0 0 62.04 1
E 905 727 729 0 1 153.6 1
E 906 728 730 0 1 153.6 -1
E 907 730 756 0 0 62.04 -1
E 908 732 758 0 0 62.04 1
E 909 731 733 0 1 153.6 1
E 910 732 734 0 1 153.6 -1
E 911 729 731 1 0 26.4 0
E 912 730 732 1 0 26.4 0
E 913 729 730 1 1 13.96 0
E 914 731 732 1 1 13.96 0
E 915 734 760 0 0 62.04 -1
E 916 736 762 0 0 62.04 1
E 917 733 735 1 0 26.4 0
E 918 738 764 0 0 62.04 -1
E 919 740 766 0 0 62.04 1
E 920 739 741 0 1 153.6 1
E 921 740 742 0 1 153.6 -1
E 922 739 740 1 1 21.96 0
E 923 742 768 0 0 62.04 -1
E 924 744 770 0 0 62.04 1
E 925 743 745 0 1 153.6 1
E 926 744 746 0 1 153.6 -1
E 927 746 772 0 0 62.04 -1
E 928 747 774 0 0 62.04 1
E 929 746 747 1 0 26.4 0
E 930 749 776 0 0 62.04 -1
E 931 751 778 0 0 62.04 1
E 932 750 752 0 1 223.6 1
E 933 751 753 0 1 223.6 -1
E 934 753 780 0 0 62.04 -1
E 935 755 782 0 0 62.04 1
E 936 754 756 0 1 153.6 1
E 937 755 757 0 1 153.6 -1
E 938 757 784 0 0 62.04 -1
E 939 759 786 0 0 62.04 1
E 940 758 760 0 1 153.6 1
E 941 759 761 0 1 153.6 -1
E 942 756 758 1 0 26.4 0
E 943 757 759 1 0 26.4 0
E 944 756 757 1 1 21.96 0
E 945 758 759 1 1 21.96 0
E 946 761 788 0 0 62.04 -1
E 947 763 790 0 0 62.04 1
E 948 760 762 1 0 26.4 0
E 949 761 763 1 0 26.4 0
E 950 760 761 1 1 21.96 0
E 951 765 792 0 0 66.04 -1
E 952 767 794 0 0 66.04 1
E 953 766 768 0 1 153.6 1
E 954 767 769 0 1 153.6 -1
E 955 764 766 1 0 26.4 0
E 956 769 796 0 0 66.04 -1
E 957 771 798 0 0 66.04 1
E 958 770 772 0 1 153.6 1
E 959 771 773 0 1 153.6 -1
E 960 769 771 1 0 26.4 0
E 961 770 771 1 1 13.96 0
E 962 773 800 0 0 66.04 -1
E 963 775 802 0 0 66.04 1
E 964 772 774 1 0 26.4 0
E 965 773 775 1 0 26.4 0
E 966 772 773 1 1 13.96 0
E 967 774 775 1 1 13.96 0
E 968 779 805 0 0 66.04 1
E 969 778 780 0 1 223.6 1
E 970 779 781 0 1 223.6 -1
E 971 776 778 1 0 26.4 0
E 972 777 779 1 0 26.4 0
E 973 776 777 1 1 13.96 0
E 974 778 779 1 1 13.96 0
E 975 781 807 0 0 66.04 -1
E 976 783 809 0 0 66.04 1
E 977 782 784 0 1 153.6 1
E 978 783 785 0 1 153.6 -1
E 979 780 782 1 0 26.4 0
E 980 780 781 1 1 13.96 0
E 981 785 811 0 0 66.04 -1
E 982 787 813 0 0 66.04 1
E 983 786 788 0 1 153.6 1
E 984 787 789 0 1 153.6 -1
E 985 784 786 1 0 26.4 0
E 986 785 787 1 0 26.4 0
E 987 784 785 1 1 13.96 0
E 988 786 787 1 1 13.96 0
E 989 789 815 0 0 66.04 -1
E 990 791 817 0 0 66.04 1
E 991 788 790 1 0 26.4 0
E 992 789 791 1 0 26.4 0
E 993 788 789 1 1 13.96 0
E 994 793 819 0 0 66.04 -1
E 995 795 821 0 0 66.04 1
E 996 794 796 0 1 153.6 1
E 997 795 797 0 1 153.6 -1
E 998 792 794 1 0 26.4 0
E 999 793 795 1 0 26.4 0
E 1000 794 795 1 1 13.96 0
E 1001 797 823 0 0 66.04 -1
E 1002 799 825 0 0 66.04 1
E 1003 798 800 0 1 153.6 1
E 1004 799 801 0 1 153.6 -1
E 1005 796 798 1 0 26.4 0
E 1006 797 799 1 0 26.4 0
E 1007 796 797 1 1 13.96 0
E 1008 798 799 1 1 13.96 0
E 1009 801 827 0 0 66.04 -1
E 1010 803 829 0 0 66.04 1
E 1011 803 804 0 1 223.6 -1
E 1012 800 802 1 0 26.4 0
E 1013 801 803 1 0 26.4 0
E 1014 800 801 1 1 13.96 0
E 1015 802 803 1 1 13.96 0
E 1016 804 831 0 0 66.04 -1
E 1017 806 833 0 0 66.04 1
E 1018 805 807 0 1 223.6 1
E 1019 806 808 0 1 223.6 -1
E 1020 804 806 1 0 26.4 0
E 1021 805 806 1 1 13.96 0
E 1022 808 835 0 0 66.04 -1
E 1023 810 837 0 0 66.04 1
E 1024 809 811 0 1 153.6 1
E 1025 810 812 0 1 153.6 -1
E 1026 812 839 0 0 66.04 -1
E 1027 814 841 0 0 66.04 1
E 1028 813 815 0 1 153.6 1
E 1029 814 816 0 1 153.6 -1
E 1030 811 813 1 0 26.4 0
E 1031 812 814 1 0 26.4 0
E 1032 811 812 1 1 13.96 0
E 1033 813 814 1 1 13.96 0
E 1034 816 843 0 0 66.04 -1
E 1035 818 845 0 0 66.04 1
E 1036 815 817 1 0 26.4 0
E 1037 820 847 0 0 66.04 -1
E 1038 822 849 0 0 66.04 1
E 1039 821 823 0 1 153.6 1
E 1040 822 824 0 1 153.6 -1
E 1041 820 822 1 0 26.4 0
E 1042 824 851 0 0 66.04 -1
E 1043 826 853 0 0 66.04 1
E 1044 825 827 0 1 153.6 1
E 1045 826 828 0 1 153.6 -1
E 1046 823 825 1 0 26.4 0
E 1047 824 826 1 0 26.4 0
E 1048 823 824 1 1 13.96 0
E 1049 825 826 1 1 13.96 0
E 1050 828 855 0 0 66.04 -1
E 1051 830 857 0 0 66.04 1
E 1052 829 831 0 1 223.6 1
E 1053 830 832 0 1 223.6 -1
E 1054 827 829 1 0 26.4 0
E 1055 828 830 1 0 26.4 0
E 1056 827 828 1 1 13.96 0
E 1057 829 830 1 1 13.96 0
E 1058 832 859 0 0 66.04 -1
E 1059 834 861 0 0 66.04 1
E 1060 833 835 0 1 223.6 1
E 1061 834 836 0 1 223.6 -1
E 1062 831 833 1 0 26.4 0
E 1063 832 834 1 0 26.4 0
E 1064 831 832 1 1 13.96 0
E 1065 833 834 1 1 13.96 0
E 1066 836 863 0 0 66.04 -1
E 1067 838 865 0 0 66.04 1
E 1068 837 839 0 1 153.6 1
E 1069 838 840 0 1 153.6 -1
E 1070 835 837 1 0 26.4 0
E 1071 836 838 1 0 26.4 0
E 1072 835 836 1 1 13.96 0
E 1073 837 838 1 1 13.96 0
E 1074 840 867 0 0 66.04 -1
E 1075 842 869 0 0 66.04 1
E 1076 841 843 0 1 153.6 1
E 1077 842 844 0 1 153.6 -1
E 1078 839 841 1 0 26.4 0
E 1079 840 842 1 0 26.4 0
E 1080 839 840 1 1 13.96 0
E 1081 841 842 1 1 13.96 0
E 1082 844 871 0 0 66.04 -1
E 1083 846 873 0 0 66.04 1
E 1084 844 846 1 0 26.4 0
E 1085 848 875 0 0 66.04 -1
E 1086 850 877 0 0 66.04 1
E 1087 849 851 0 1 153.6 1
E 1088 850 852 0 1 153.6 -1
E 1089 847 849 1 0 26.4 0
E 1090 849 850 1 1 13.96 0
E 1091 852 879 0 0 66.04 -1
E 1092 854 881 0 0 66.04 1
E 1093 853 855 0 1 153.6 1
E 1094 854 856 0 1 153.6 -1
E 1095 852 854 1 0 26.4 0
E 1096 853 854 1 1 13.96 0
E 1097 856 883 0 0 66.04 -1
E 1098 858 885 0 0 66.04 1
E 1099 857 859 0 1 223.6 1
E 1100 858 860 0 1 223.6 -1
E 1101 856 858 1 0 26.4 0
E 1102 855 856 1 1 13.96 0
E 1103 860 887 0 0 66.04 -1
E 1104 862 889 0 0 66.04 1
E 1105 861 863 0 1 223.6 1
E 1106 862 864 0 1 223.6 -1
E 1107 859 861 1 0 26.4 0
E 1108 860 862 1 0 26.4 0
E 1109 859 860 1 1 13.96 0
E 1110 861 862 1 1 13.96 0
E 1111 864 891 0 0 66.04 -1
E 1112 866 893 0 0 66.04 1
E 1113 865 867 0 1 153.6 1
E 1114 866 868 0 1 153.6 -1
E 1115 863 865 1 0 26.4 0
E 1116 869 871 0 1 153.6 1
E 1117 870 872 0 1 153.6 -1
E 1118 867 869 1 0 26.4 0
E 1119 872 899 0 0 66.04 -1
E 1120 874 901 0 0 66.04 1
E 1121 871 873 1 0 26.4 0
E 1122 872 874 1 0 26.4 0
E 1123 871 872 1 1 13.96 0
E 1124 876 903 0 0 66.04 -1
E 1125 878 905 0 0 66.04 1
E 1126 877 879 0 1 153.6 1
E 1127 878 880 0 1 153.6 -1
E 1128 875 877 1 0 26.4 0
E 1129 880 907 0 0 66.04 -1
E 1130 882 909 0 0 66.04 1
E 1131 881 883 0 1 153.6 1
E 1132 882 884 0 1 153.6 -1
E 1133 879 881 1 0 26.4 0
E 1134 880 882 1 0 26.4 0
E 1135 879 880 1 1 13.96 0
E 1136 881 882 1 1 13.96 0
E 1137 884 911 0 0 66.04 -1
E 1138 886 913 0 0 66.04 1
E 1139 885 887 0 1 223.6 1
E 1140 886 888 0 1 223.6 -1
E 1141 883 885 1 0 26.4 0
E 1142 883 884 1 1 13.96 0
E 1143 889 891 0 1 223.6 1
E 1144 890 892 0 1 223.6 -1
E 1145 887 889 1 0 26.4 0
E 1146 892 919 0 0 66.04 -1
E 1147 894 921 0 0 66.04 1
E 1148 893 895 0 1 153.6 1
E 1149 894 896 0 1 153.6 -1
E 1150 891 893 1 0 26.4 0
E 1151 892 894 1 0 26.4 0
E 1152 891 892 1 1 13.96 0
E 1153 893 894 1 1 13.96 0
E 1154 896 923 0 0 66.04 -1
E 1155 898 925 0 0 66.04 1
E 1156 897 899 0 1 153.6 1
E 1157 898 900 0 1 153.6 -1
E 1158 896 898 1 0 26.4 0
E 1159 900 927 0 0 66.04 -1
E 1160 902 929 0 0 66.04 1
E 1161 904 931 0 0 67.29 -1
E 1162 906 933 0 0 67.29 1
E 1163 905 907 0 1 153.6 1
E 1164 906 908 0 1 153.6 -1
E 1165 904 906 1 0 26.4 0
E 1166 908 935 0 0 67.29 -1
E 1167 910 937 0 0 67.29 1
E 1168 909 911 0 1 153.6 1
E 1169 910 912 0 1 153.6 -1
E 1170 909 910 1 1 13.96 0
E 1171 912 939 0 0 67.29 -1
E 1172 914 941 0 0 67.29 1
E 1173 913 915 0 1 223.6 1
E 1174 914 916 0 1 223.6 -1
E 1175 911 913 1 0 26.4 0
E 1176 912 914 1 0 26.4 0
E 1177 911 912 1 1 13.96 0
E 1178 913 914 1 1 13.96 0
E 1179 916 943 0 0 67.29 -1
E 1180 918 945 0 0 67.29 1
E 1181 917 919 0 1 223.6 1
E 1182 918 920 0 1 223.6 -1
E 1183 920 947 0 0 67.29 -1
E 1184 922 949 0 0 67.29 1
E 1185 921 923 0 1 153.6 1
E 1186 922 924 0 1 153.6 -1
E 1187 919 920 1 1 13.96 0
E 1188 924 951 0 0 67.29 -1
E 1189 926 953 0 0 67.29 1
E 1190 925 927 0 1 153.6 1
E 1191 926 928 0 1 153.6 -1
E 1192 923 925 1 0 26.4 0
E 1193 924 926 1 0 26.4 0
E 1194 923 924 1 1 13.96 0
E 1195 925 926 1 1 13.96 0
E 1196 928 955 0 0 67.29 -1
E 1197 930 957 0 0 67.29 1
E 1198 928 930 1 0 26.4 0
E 1199 932 959 0 0 67.29 -1
E 1200 934 961 0 0 67.29 1
E 1201 933 935 0 1 153.6 1
E 1202 934 936 0 1 153.6 -1
E 1203 936 963 0 0 67.29 -1
E 1204 938 965 0 0 67.29 1
E 1205 937 939 0 1 153.6 1
E 1206 938 940 0 1 153.6 -1
E 1207 935 937 1 0 26.4 0
E 1208 937 938 1 1 11.46 0
E 1209 940 967 0 0 67.29 -1
E 1210 942 969 0 0 67.29 1
E 1211 941 943 0 1 223.6 1
E 1212 942 944 0 1 223.6 -1
E 1213 939 941 1 0 26.4 0
E 1214 939 940 1 1 11.46 0
E 1215 944 971 0 0 67.29 -1
E 1216 946 973 0 0 67.29 1
E 1217 945 947 0 1 223.6 1
E 1218 946 948 0 1 223.6 -1
E 1219 943 945 1 0 26.4 0
E 1220 945 946 1 1 11.46 0
E 1221 948 975 0 0 67.29 -1
E 1222 950 977 0 0 67.29 1
E 1223 949 951 0 1 153.6 1
E 1224 950 952 0 1 153.6 -1
E 1225 947 949 1 0 26.4 0
E 1226 952 979 0 0 67.29 -1
E 1227 954 981 0 0 67.29 1
E 1228 953 955 0 1 153.6 1
E 1229 954 956 0 1 153.6 -1
E 1230 951 953 1 0 26.4 0
E 1231 952 954 1 0 26.4 0
E 1232 951 952 1 1 11.46 0
E 1233 953 954 1 1 11.46 0
E 1234 956 983 0 0 67.29 -1
E 1235 958 985 0 0 67.29 1
E 1236 955 957 1 0 26.4 0
E 1237 960 987 0 0 66.04 -1
E 1238 962 989 0 0 66.04 1
E 1239 961 963 0 1 153.6 1
E 1240 962 964 0 1 153.6 -1
E 1241 964 991 0 0 66.04 -1
E 1242 966 993 0 0 66.04 1
E 1243 965 967 0 1 153.6 1
E 1244 966 968 0 1 153.6 -1
E 1245 963 965 1 0 26.4 0
E 1246 965 966 1 1 13.96 0
E 1247 968 995 0 0 66.04 -1
E 1248 970 997 0 0 66.04 1
E 1249 969 971 0 1 223.6 1
E 1250 970 972 0 1 223.6 -1
E 1251 967 969 1 0 26.4 0
E 1252 968 970 1 0 26.4 0
E 1253 967 968 1 1 13.96 0
E 1254 969 970 1 1 13.96 0
E 1255 972 999 0 0 66.04 -1
E 1256 974 1001 0 0 66.04 1
E 1257 973 975 0 1 223.6 1
E 1258 974 976 0 1 223.6 -1
E 1259 976 1003 0 0 66.04 -1
E 1260 978 1005 0 0 66.04 1
E 1261 977 979 0 1 153.6 1
E 1262 978 980 0 1 153.6 -1
E 1263 977 978 1 1 13.96 0
E 1264 980 1007 0 0 66.04 -1
E 1265 982 1009 0 0 66.04 1
E 1266 981 983 0 1 153.6 1
E 1267 982 984 0 1 153.6 -1
E 1268 979 981 1 0 26.4 0
E 1269 980 982 1 0 26.4 0
E 1270 979 980 1 1 13.96 0
E 1271 981 982 1 1 13.96 0
E 1272 984 1011 0 0 66.04 -1
E 1273 986 1013 0 0 66.04 1
E 1274 983 985 1 0 26.4 0
E 1275 988 1015 0 0 66.04 -1
E 1276 990 1017 0 0 66.04 1
E 1277 989 991 0 1 153.6 1
E 1278 990 992 0 1 153.6 -1
E 1279 992 1019 0 0 66.04 -1
E 1280 994 1021 0 0 66.04 1
E 1281 993 995 0 1 153.6 1
E 1282 994 996 0 1 153.6 -1
E 1283 993 994 1 1 13.96 0
E 1284 996 1023 0 0 66.04 -1
E 1285 998 1025 0 0 66.04 1
E 1286 997 999 0 1 223.6 1
E 1287 998 1000 0 1 223.6 -1
E 1288 995 997 1 0 26.4 0
E 1289 995 996 1 1 13.96 0
E 1290 1000 1027 0 0 66.04 -1
E 1291 1002 1029 0 0 66.04 1
E 1292 1001 1003 0 1 223.6 1
E 1293 1002 1004 0 1 223.6 -1
E 1294 1004 1030 0 0 66.04 -1
E 1295 1006 1032 0 0 66.04 1
E 1296 1005 1007 0 1 153.6 1
E 1297 1006 1008 0 1 153.6 -1
E 1298 1004 1006 1 0 26.4 0
E 1299 1008 1034 0 0 66.04 -1
E 1300 1010 1036 0 0 66.04 1
E 1301 1009 1011 0 1 153.6 1
E 1302 1010 1012 0 1 153.6 -1
E 1303 1007 1009 1 0 26.4 0
E 1304 1008 1010 1 0 26.4 0
E 1305 1007 1008 1 1 13.96 0
E 1306 1009 1010 1 1 13.96 0
E 1307 1012 1038 0 0 66.04 -1
E 1308 1014 1040 0 0 66.04 1
E 1309 1011 1013 1 0 26.4 0
E 1310 1012 1014 1 0 26.4 0
E 1311 1011 1012 1 1 13.96 0
E 1312 1016 1042 0 0 66.04 -1
E 1313 1018 1044 0 0 66.04 1
E 1314 1017 1019 0 1 153.6 1
E 1315 1018 1020 0 1 153.6 -1
E 1316 1020 1046 0 0 66.04 -1
E 1317 1022 1048 0 0 66.04 1
E 1318 1021 1023 0 1 153.6 1
E 1319 1022 1024 0 1 153.6 -1
E 1320 1019 1021 1 0 26.4 0
E 1321 1020 1022 1 0 26.4 0
E 1322 1019 1020 1 1 13.96 0
E 1323 1021 1022 1 1 13.96 0
E 1324 1024 1050 0 0 66.04 -1
E 1325 1026 1052 0 0 66.04 1
E 1326 1025 1027 0 1 223.6 1
E 1327 1026 1028 0 1 223.6 -1
E 1328 1023 1025 1 0 26.4 0
E 1329 1024 1026 1 0 26.4 0
E 1330 1023 1024 1 1 13.96 0
E 1331 1025 1026 1 1 13.96 0
E 1332 1028 1054 0 0 66.04 -1
E 1333 1029 1030 0 1 223.6 1
E 1334 1027 1029 1 0 26.4 0
E 1335 1027 1028 1 1 13.96 0
E 1336 1031 1058 0 0 66.04 -1
E 1337 1033 1060 0 0 66.04 1
E 1338 1032 1034 0 1 153.6 1
E 1339 1033 1035 0 1 153.6 -1
E 1340 1030 1032 1 0 26.4 0
E 1341 1032 1033 1 1 13.96 0
E 1342 1035 1062 0 0 66.04 -1
E 1343 1037 1064 0 0 66.04 1
E 1344 1036 1038 0 1 153.6 1
E 1345 1037 1039 0 1 153.6 -1
E 1346 1034 1036 1 0 26.4 0
E 1347 1035 1037 1 0 26.4 0
E 1348 1034 1035 1 1 13.96 0
E 1349 1036 1037 1 1 13.96 0
E 1350 1039 1066 0 0 66.04 -1
E 1351 1041 1068 0 0 66.04 1
E 1352 1038 1040 1 0 26.4 0
E 1353 1039 1041 1 0 26.4 0
E 1354 1038 1039 1 1 13.96 0
E 1355 1043 1070 0 0 66.04 -1
E 1356 1045 1072 0 0 66.04 1
E 1357 1044 1046 0 1 153.6 1
E 1358 1045 1047 0 1 153.6 -1
E 1359 1047 1074 0 0 66.04 -1
E 1360 1049 1076 0 0 66.04 1
E 1361 1048 1050 0 1 153.6 1
E 1362 1049 1051 0 1 153.6 -1
E 1363 1046 1048 1 0 26.4 0
E 1364 1047 1049 1 0 26.4 0
E 1365 1046 1047 1 1 13.96 0
E 1366 1048 1049 1 1 13.96 0
E 1367 1051 1078 0 0 66.04 -1
E 1368 1053 1080 0 0 66.04 1
E 1369 1052 1054 0 1 223.6 1
E 1370 1053 1055 0 1 223.6 -1
E 1371 1050 1052 1 0 26.4 0
E 1372 1051 1053 1 0 26.4 0
E 1373 1050 1051 1 1 13.96 0
E 1374 1052 1053 1 1 13.96 0
E 1375 1055 1082 0 0 66.04 -1
E 1376 1057 1084 0 0 66.04 1
E 1377 1055 1057 1 0 26.4 0
E 1378 1056 1057 1 1 13.96 0
E 1379 1059 1086 0 0 66.04 -1
E 1380 1061 1088 0 0 66.04 1
E 1381 1060 1062 0 1 153.6 1
E 1382 1061 1063 0 1 153.6 -1
E 1383 1058 1060 1 0 26.4 0
E 1384 1059 1061 1 0 26.4 0
E 1385 1058 1059 1 1 13.96 0
E 1386 1060 1061 1 1 13.96 0
E 1387 1063 1090 0 0 66.04 -1
E 1388 1065 1092 0 0 66.04 1
E 1389 1064 1066 0 1 153.6 1
E 1390 1065 1067 0 1 153.6 -1
E 1391 1062 1064 1 0 26.4 0
E 1392 1063 1065 1 0 26.4 0
E 1393 1062 1063 1 1 13.96 0
E 1394 1064 1065 1 1 13.96 0
E 1395 1067 1094 0 0 66.04 -1
E 1396 1069 1096 0 0 66.04 1
E 1397 1067 1069 1 0 26.4 0
E 1398 1071 1098 0 0 66.04 -1
E 1399 1073 1100 0 0 66.04 1
E 1400 1072 1074 0 1 153.6 1
E 1401 1073 1075 0 1 153.6 -1
E 1402 1075 1102 0 0 66.04 -1
E 1403 1077 1104 0 0 66.04 1
E 1404 1076 1078 0 1 153.6 1
E 1405 1077 1079 0 1 153.6 -1
E 1406 1074 1076 1 0 26.4 0
E 1407 1075 1077 1 0 26.4 0
E 1408 1074 1075 1 1 13.96 0
E 1409 1076 1077 1 1 13.96 0
E 1410 1079 1106 0 0 66.04 -1
E 1411 1081 1108 0 0 66.04 1
E 1412 1080 1082 0 1 223.6 1
E 1413 1081 1083 0 1 223.6 -1
E 1414 1078 1080 1 0 26.4 0
E 1415 1078 1079 1 1 13.96 0
E 1416 1083 1110 0 0 66.04 -1
E 1417 1085 1112 0 0 66.04 1
E 1418 1082 1084 1 0 26.4 0
E 1419 1087 1114 0 0 66.04 -1
E 1420 1089 1116 0 0 66.04 1
E 1421 1088 1090 0 1 153.6 1
E 1422 1089 1091 0 1 153.6 -1
E 1423 1087 1089 1 0 26.4 0
E 1424 1091 1118 0 0 66.04 -1
E 1425 1093 1120 0 0 66.04 1
E 1426 1092 1094 0 1 153.6 1
E 1427 1093 1095 0 1 153.6 -1
E 1428 1090 1092 1 0 26.4 0
E 1429 1091 1093 1 0 26.4 0
E 1430 1090 1091 1 1 13.96 0
E 1431 1092 1093 1 1 13.96 0
E 1432 1095 1122 0 0 66.04 -1
E 1433 1097 1124 0 0 66.04 1
E 1434 1094 1096 1 0 26.4 0
E 1435 1095 1097 1 0 26.4 0
E 1436 1094 1095 1 1 13.96 0
E 1437 1099 1126 0 0 66.04 -1
E 1438 1101 1128 0 0 66.04 1
E 1439 1100 1102 0 1 153.6 1
E 1440 1101 1103 0 1 153.6 -1
E 1441 1100 1101 1 1 13.96 0
E 1442 1103 1130 0 0 66.04 -1
E 1443 1105 1132 0 0 66.04 1
E 1444 1104 1106 0 1 153.6 1
E 1445 1105 1107 0 1 153.6 -1
E 1446 1102 1104 1 0 26.4 0
E 1447 1103 1105 1 0 26.4 0
E 1448 1102 1103 1 1 13.96 0
E 1449 1104 1105 1 1 13.96 0
E 1450 1107 1134 0 0 66.04 -1
E 1451 1109 1136 0 0 66.04 1
E 1452 1106 1107 1 1 13.96 0
E 1453 1111 1137 0 0 66.04 -1
E 1454 1113 1139 0 0 66.04 1
E 1455 1115 1141 0 0 66.04 -1
E 1456 1117 1142 0 0 66.04 1
E 1457 1116 1118 0 1 153.6 1
E 1458 1117 1119 0 1 153.6 -1
E 1459 1115 1117 1 0 26.4 0
E 1460 1116 1117 1 1 13.96 0
E 1461 1119 1144 0 0 66.04 -1
E 1462 1121 1146 0 0 66.04 1
E 1463 1120 1122 0 1 153.6 1
E 1464 1121 1123 0 1 153.6 -1
E 1465 1118 1120 1 0 26.4 0
E 1466 1119 1121 1 0 26.4 0
E 1467 1118 1119 1 1 13.96 0
E 1468 1120 1121 1 1 13.96 0
E 1469 1123 1148 0 0 66.04 -1
E 1470 1125 1150 0 0 66.04 1
E 1471 1122 1124 1 0 26.4 0
E 1472 1128 1130 0 1 153.6 1
E 1473 1129 1131 0 1 153.6 -1
E 1474 1126 1128 1 0 26.4 0
E 1475 1127 1129 1 0 26.4 0
E 1476 1128 1129 1 1 13.96 0
E 1477 1132 1134 0 1 153.6 1
E 1478 1133 1135 0 1 153.6 -1
E 1479 1130 1132 1 0 26.4 0
E 1480 1136 1137 0 1 223.6 1
E 1481 1134 1136 1 0 26.4 0
E 1482 1138 1152 0 0 66.04 -1
E 1483 1140 1154 0 0 66.04 1
E 1484 1137 1139 1 0 26.4 0
E 1485 1138 1140 1 0 26.4 0
E 1486 1137 1138 1 1 13.96 0
E 1487 1139 1140 1 1 13.96 0
E 1488 1143 1158 0 0 66.04 1
E 1489 1142 1144 0 1 153.6 1
E 1490 1143 1145 0 1 153.6 -1
E 1491 1145 1160 0 0 66.04 -1
E 1492 1147 1162 0 0 66.04 1
E 1493 1146 1148 0 1 153.6 1
E 1494 1147 1149 0 1 153.6 -1
E 1495 1144 1146 1 0 26.4 0
E 1496 1145 1147 1 0 26.4 0
E 1497 1144 1145 1 1 13.96 0
E 1498 1146 1147 1 1 13.96 0
E 1499 1149 1164 0 0 66.04 -1
E 1500 1151 1166 0 0 66.04 1
E 1501 1149 1151 1 0 26.4 0
E 1502 1155 1169 0 0 66.04 1
E 1503 1154 1156 0 1 223.6 1
E 1504 1155 1157 0 1 223.6 -1
E 1505 1152 1154 1 0 26.4 0
E 1506 1153 1155 1 0 26.4 0
E 1507 1154 1155 1 1 13.96 0
E 1508 1157 1171 0 0 66.04 -1
E 1509 1158 1160 0 1 153.6 1
E 1510 1159 1161 0 1 153.6 -1
E 1511 1156 1158 1 0 26.4 0
E 1512 1156 1157 1 1 13.96 0
E 1513 1158 1159 1 1 13.96 0
E 1514 1161 1175 0 0 66.04 -1
E 1515 1163 1177 0 0 66.04 1
E 1516 1162 1164 0 1 153.6 1
E 1517 1163 1165 0 1 153.6 -1
E 1518 1160 1162 1 0 26.4 0
E 1519 1161 1163 1 0 26.4 0
E 1520 1160 1161 1 1 13.96 0
E 1521 1162 1163 1 1 13.96 0
E 1522 1165 1179 0 0 66.04 -1
E 1523 1167 1181 0 0 66.04 1
E 1524 1164 1166 1 0 26.4 0
E 1525 1165 1167 1 0 26.4 0
E 1526 1164 1165 1 1 13.96 0
E 1527 1168 1183 0 0 66.04 -1
E 1528 1170 1184 0 0 66.04 1
E 1529 1169 1171 0 1 223.6 1
E 1530 1170 1172 0 1 223.6 -1
E 1531 1169 1170 1 1 13.96 0
E 1532 1172 1186 0 0 66.04 -1
E 1533 1174 1188 0 0 66.04 1
E 1534 1171 1173 1 0 26.4 0
E 1535 1172 1174 1 0 26.4 0
E 1536 1171 1172 1 1 13.96 0
E 1537 1173 1174 1 1 13.96 0
E 1538 1176 1190 0 0 66.04 -1
E 1539 1178 1192 0 0 66.04 1
E 1540 1177 1179 0 1 153.6 1
E 1541 1178 1180 0 1 153.6 -1
E 1542 1175 1177 1 0 26.4 0
E 1543 1176 1178 1 0 26.4 0
E 1544 1175 1176 1 1 13.96 0
E 1545 1177 1178 1 1 13.96 0
E 1546 1180 1194 0 0 66.04 -1
E 1547 1182 1196 0 0 66.04 1
E 1548 1185 1199 0 0 66.04 1
E 1549 1184 1186 0 1 223.6 1
E 1550 1185 1187 0 1 223.6 -1
E 1551 1184 1185 1 1 13.96 0
E 1552 1187 1201 0 0 66.04 -1
E 1553 1189 1203 0 0 66.04 1
E 1554 1191 1205 0 0 66.04 -1
E 1555 1193 1207 0 0 66.04 1
E 1556 1192 1194 0 1 153.6 1
E 1557 1193 1195 0 1 153.6 -1
E 1558 1190 1192 1 0 26.4 0
E 1559 1191 1193 1 0 26.4 0
E 1560 1190 1191 1 1 13.96 0
E 1561 1192 1193 1 1 13.96 0
E 1562 1195 1209 0 0 66.04 -1
E 1563 1197 1211 0 0 66.04 1
E 1564 1194 1196 1 0 26.4 0
E 1565 1195 1197 1 0 26.4 0
E 1566 1194 1195 1 1 13.96 0
E 1567 1198 1213 0 0 66.04 -1
E 1568 1200 1214 0 0 66.04 1
E 1569 1199 1201 0 1 223.6 1
E 1570 1200 1202 0 1 223.6 -1
E 1571 1199 1200 1 1 13.96 0
E 1572 1202 1216 0 0 66.04 -1
E 1573 1204 1218 0 0 66.04 1
E 1574 1208 1220 0 0 66.04 1
E 1575 1207 1209 0 1 153.6 1
E 1576 1208 1210 0 1 153.6 -1
E 1577 1205 1207 1 0 26.4 0
E 1578 1206 1208 1 0 26.4 0
E 1579 1205 1206 1 1 13.96 0
E 1580 1207 1208 1 1 13.96 0
E 1581 1210 1222 0 0 66.04 -1
E 1582 1212 1224 0 0 66.04 1
E 1583 1210 1212 1 0 26.4 0
E 1584 1215 1227 0 0 66.04 1
E 1585 1214 1216 0 1 223.6 1
E 1586 1215 1217 0 1 223.6 -1
E 1587 1214 1215 1 1 13.96 0
E 1588 1217 1229 0 0 66.04 -1
E 1589 1219 1231 0 0 66.04 1
E 1590 1216 1218 1 0 26.4 0
E 1591 1218 1219 1 1 13.96 0
E 1592 1221 1235 0 0 66.04 1
E 1593 1220 1222 0 1 153.6 1
E 1594 1221 1223 0 1 153.6 -1
E 1595 1220 1221 1 1 13.96 0
E 1596 1223 1237 0 0 66.04 -1
E 1597 1225 1239 0 0 66.04 1
E 1598 1222 1224 1 0 26.4 0
E 1599 1226 1241 0 0 66.04 -1
E 1600 1228 1243 0 0 66.04 1
E 1601 1227 1229 0 1 223.6 1
E 1602 1228 1230 0 1 223.6 -1
E 1603 1227 1228 1 1 13.96 0
E 1604 1230 1245 0 0 66.04 -1
E 1605 1232 1247 0 0 66.04 1
E 1606 1230 1232 1 0 26.4 0
E 1607 1234 1249 0 0 66.04 -1
E 1608 1236 1251 0 0 66.04 1
E 1609 1235 1237 0 1 153.6 1
E 1610 1236 1238 0 1 153.6 -1
E 1611 1233 1235 1 0 26.4 0
E 1612 1234 1236 1 0 26.4 0
E 1613 1233 1234 1 1 13.96 0
E 1614 1235 1236 1 1 13.96 0
E 1615 1238 1253 0 0 66.04 -1
E 1616 1240 1255 0 0 66.04 1
E 1617 1237 1239 1 0 26.4 0
E 1618 1238 1240 1 0 26.4 0
E 1619 1237 1238 1 1 13.96 0
E 1620 1242 1257 0 0 66.04 -1
E 1621 1244 1259 0 0 66.04 1
E 1622 1243 1245 0 1 223.6 1
E 1623 1244 1246 0 1 223.6 -1
E 1624 1241 1243 1 0 26.4 0
E 1625 1242 1244 1 0 26.4 0
E 1626 1243 1244 1 1 13.96 0
E 1627 1246 1261 0 0 66.04 -1
E 1628 1248 1263 0 0 66.04 1
E 1629 1250 1265 0 0 66.04 -1
E 1630 1252 1267 0 0 66.04 1
E 1631 1251 1253 0 1 153.6 1
E 1632 1252 1254 0 1 153.6 -1
E 1633 1249 1251 1 0 26.4 0
E 1634 1250 1252 1 0 26.4 0
E 1635 1249 1250 1 1 13.96 0
E 1636 1251 1252 1 1 13.96 0
E 1637 1254 1269 0 0 66.04 -1
E 1638 1256 1271 0 0 66.04 1
E 1639 1253 1255 1 0 26.4 0
E 1640 1258 1281 0 0 66.04 -1
E 1641 1260 1283 0 0 66.04 1
E 1642 1259 1261 0 1 223.6 1
E 1643 1260 1262 0 1 223.6 -1
E 1644 1259 1260 1 1 13.96 0
E 1645 1262 1285 0 0 66.04 -1
E 1646 1262 1264 1 0 26.4 0
E 1647 1266 1288 0 0 66.04 -1
E 1648 1268 1290 0 0 66.04 1
E 1649 1267 1269 0 1 153.6 1
E 1650 1268 1270 0 1 153.6 -1
E 1651 1265 1267 1 0 26.4 0
E 1652 1266 1268 1 0 26.4 0
E 1653 1265 1266 1 1 13.96 0
E 1654 1267 1268 1 1 13.96 0
E 1655 1270 1292 0 0 66.04 -1
E 1656 1272 1294 0 0 66.04 1
E 1657 1269 1271 1 0 26.4 0
E 1658 1274 1296 0 0 66.04 -1
E 1659 1276 1298 0 0 66.04 1
E 1660 1276 1277 0 1 153.6 -1
E 1661 1273 1275 1 0 26.4 0
E 1662 1274 1276 1 0 26.4 0
E 1663 1275 1276 1 1 13.96 0
E 1664 1277 1300 0 0 66.04 -1
E 1665 1278 1302 0 0 66.04 1
E 1666 1278 1279 0 1 153.6 -1
E 1667 1277 1278 1 0 26.4 0
E 1668 1279 1304 0 0 66.04 -1
E 1669 1280 1306 0 0 66.04 1
E 1670 1280 1282 0 1 223.6 -1
E 1671 1279 1280 1 0 26.4 0
E 1672 1282 1308 0 0 66.04 -1
E 1673 1284 1310 0 0 66.04 1
E 1674 1283 1285 0 1 223.6 1
E 1675 1284 1286 0 1 223.6 -1
E 1676 1281 1283 1 0 26.4 0
E 1677 1282 1284 1 0 26.4 0
E 1678 1281 1282 1 1 13.96 0
E 1679 1283 1284 1 1 13.96 0
E 1680 1286 1312 0 0 66.04 -1
E 1681 1287 1314 0 0 66.04 1
E 1682 1287 1289 0 1 153.6 -1
E 1683 1289 1316 0 0 66.04 -1
E 1684 1291 1318 0 0 66.04 1
E 1685 1290 1292 0 1 153.6 1
E 1686 1291 1293 0 1 153.6 -1
E 1687 1288 1290 1 0 26.4 0
E 1688 1289 1291 1 0 26.4 0
E 1689 1288 1289 1 1 13.96 0
E 1690 1290 1291 1 1 13.96 0
E 1691 1293 1320 0 0 66.04 -1
E 1692 1295 1322 0 0 66.04 1
E 1693 1293 1295 1 0 26.4 0
E 1694 1297 1324 0 0 66.04 -1
E 1695 1299 1326 0 0 66.04 1
E 1696 1298 1300 0 1 153.6 1
E 1697 1299 1301 0 1 153.6 -1
E 1698 1296 1298 1 0 26.4 0
E 1699 1297 1299 1 0 26.4 0
E 1700 1298 1299 1 1 13.96 0
E 1701 1301 1328 0 0 66.04 -1
E 1702 1303 1330 0 0 66.04 1
E 1703 1302 1304 0 1 153.6 1
E 1704 1303 1305 0 1 153.6 -1
E 1705 1300 1302 1 0 26.4 0
E 1706 1301 1303 1 0 26.4 0
E 1707 1300 1301 1 1 13.96 0
E 1708 1302 1303 1 1 13.96 0
E 1709 1305 1332 0 0 66.04 -1
E 1710 1307 1334 0 0 66.04 1
E 1711 1306 1308 0 1 223.6 1
E 1712 1307 1309 0 1 223.6 -1
E 1713 1304 1306 1 0 26.4 0
E 1714 1305 1307 1 0 26.4 0
E 1715 1304 1305 1 1 13.96 0
E 1716 1306 1307 1 1 13.96 0
E 1717 1309 1336 0 0 66.04 -1
E 1718 1311 1338 0 0 66.04 1
E 1719 1310 1312 0 1 223.6 1
E 1720 1308 1310 1 0 26.4 0
E 1721 1309 1311 1 0 26.4 0
E 1722 1308 1309 1 1 13.96 0
E 1723 1310 1311 1 1 13.96 0
E 1724 1313 1340 0 0 66.04 -1
E 1725 1315 1342 0 0 66.04 1
E 1726 1314 1316 0 1 153.6 1
E 1727 1315 1317 0 1 153.6 -1
E 1728 1314 1315 1 1 13.96 0
E 1729 1317 1344 0 0 66.04 -1
E 1730 1319 1346 0 0 66.04 1
E 1731 1318 1320 0 1 153.6 1
E 1732 1319 1321 0 1 153.6 -1
E 1733 1316 1318 1 0 26.4 0
E 1734 1317 1319 1 0 26.4 0
E 1735 1316 1317 1 1 13.96 0
E 1736 1318 1319 1 1 13.96 0
E 1737 1321 1348 0 0 66.04 -1
E 1738 1323 1350 0 0 66.04 1
E 1739 1320 1322 1 0 26.4 0
E 1740 1321 1323 1 0 26.4 0
E 1741 1320 1321 1 1 13.96 0
E 1742 1325 1352 0 0 67.29 -1
E 1743 1327 1354 0 0 67.29 1
E 1744 1326 1328 0 1 153.6 1
E 1745 1327 1329 0 1 153.6 -1
E 1746 1324 1326 1 0 26.4 0
E 1747 1325 1327 1 0 26.4 0
E 1748 1326 1327 1 1 13.96 0
E 1749 1329 1356 0 0 67.29 -1
E 1750 1331 1358 0 0 67.29 1
E 1751 1330 1332 0 1 153.6 1
E 1752 1331 1333 0 1 153.6 -1
E 1753 1328 1330 1 0 26.4 0
E 1754 1329 1331 1 0 26.4 0
E 1755 1328 1329 1 1 13.96 0
E 1756 1330 1331 1 1 13.96 0
E 1757 1333 1360 0 0 67.29 -1
E 1758 1335 1362 0 0 67.29 1
E 1759 1334 1336 0 1 223.6 1
E 1760 1335 1337 0 1 223.6 -1
E 1761 1332 1334 1 0 26.4 0
E 1762 1333 1335 1 0 26.4 0
E 1763 1332 1333 1 1 13.96 0
E 1764 1334 1335 1 1 13.96 0
E 1765 1337 1364 0 0 67.29 -1
E 1766 1339 1366 0 0 67.29 1
E 1767 1336 1338 1 0 26.4 0
E 1768 1337 1339 1 0 26.4 0
E 1769 1336 1337 1 1 13.96 0
E 1770 1338 1339 1 1 13.96 0
E 1771 1341 1368 0 0 67.29 -1
E 1772 1343 1370 0 0 67.29 1
E 1773 1342 1344 0 1 153.6 1
E 1774 1343 1345 0 1 153.6 -1
E 1775 1340 1342 1 0 26.4 0
E 1776 1341 1343 1 0 26.4 0
E 1777 1340 1341 1 1 13.96 0
E 1778 1342 1343 1 1 13.96 0
E 1779 1345 1372 0 0 67.29 -1
E 1780 1347 1374 0 0 67.29 1
E 1781 1346 1348 0 1 153.6 1
E 1782 1347 1349 0 1 153.6 -1
E 1783 1344 1346 1 0 26.4 0
E 1784 1345 1347 1 0 26.4 0
E 1785 1344 1345 1 1 13.96 0
E 1786 1346 1347 1 1 13.96 0
E 1787 1349 1376 0 0 67.29 -1
E 1788 1351 1378 0 0 67.29 1
E 1789 1348 1350 1 0 26.4 0
E 1790 1349 1351 1 0 26.4 0
E 1791 1348 1349 1 1 13.96 0
E 1792 1353 1380 0 0 67.29 -1
E 1793 1355 1382 0 0 67.29 1
E 1794 1354 1356 0 1 153.6 1
E 1795 1355 1357 0 1 153.6 -1
E 1796 1357 1384 0 0 67.29 -1
E 1797 1359 1386 0 0 67.29 1
E 1798 1358 1360 0 1 153.6 1
E 1799 1359 1361 0 1 153.6 -1
E 1800 1356 1358 1 0 26.4 0
E 1801 1356 1357 1 1 11.46 0
E 1802 1361 1388 0 0 67.29 -1
E 1803 1363 1390 0 0 67.29 1
E 1804 1362 1364 0 1 223.6 1
E 1805 1363 1365 0 1 223.6 -1
E 1806 1360 1361 1 1 11.46 0
E 1807 1365 1392 0 0 67.29 -1
E 1808 1367 1394 0 0 67.29 1
E 1809 1369 1396 0 0 67.29 -1
E 1810 1371 1398 0 0 67.29 1
E 1811 1370 1372 0 1 153.6 1
E 1812 1371 1373 0 1 153.6 -1
E 1813 1368 1370 1 0 26.4 0
E 1814 1373 1400 0 0 67.29 -1
E 1815 1375 1402 0 0 67.29 1
E 1816 1374 1376 0 1 153.6 1
E 1817 1375 1377 0 1 153.6 -1
E 1818 1372 1374 1 0 26.4 0
E 1819 1373 1375 1 0 26.4 0
E 1820 1372 1373 1 1 11.46 0
E 1821 1374 1375 1 1 11.46 0
E 1822 1377 1404 0 0 67.29 -1
E 1823 1379 1406 0 0 67.29 1
E 1824 1376 1378 1 0 26.4 0
E 1825 1377 1379 1 0 26.4 0
E 1826 1376 1377 1 1 11.46 0
E 1827 1381 1408 0 0 67.29 -1
E 1828 1383 1410 0 0 67.29 1
E 1829 1382 1384 0 1 153.6 1
E 1830 1383 1385 0 1 153.6 -1
E 1831 1385 1412 0 0 67.29 -1
E 1832 1387 1414 0 0 67.29 1
E 1833 1386 1388 0 1 153.6 1
E 1834 1387 1389 0 1 153.6 -1
E 1835 1385 1387 1 0 26.4 0
E 1836 1389 1416 0 0 67.29 -1
E 1837 1391 1418 0 0 67.29 1
E 1838 1390 1392 0 1 223.6 1
E 1839 1391 1393 0 1 223.6 -1
E 1840 1388 1390 1 0 26.4 0
E 1841 1388 1389 1 1 13.96 0
E 1842 1393 1420 0 0 67.29 -1
E 1843 1395 1422 0 0 67.29 1
E 1844 1393 1395 1 0 26.4 0
E 1845 1392 1393 1 1 13.96 0
E 1846 1397 1424 0 0 67.29 -1
E 1847 1399 1426 0 0 67.29 1
E 1848 1398 1400 0 1 153.6 1
E 1849 1399 1401 0 1 153.6 -1
E 1850 1396 1398 1 0 26.4 0
E 1851 1397 1399 1 0 26.4 0
E 1852 1396 1397 1 1 13.96 0
E 1853 1398 1399 1 1 13.96 0
E 1854 1401 1428 0 0 67.29 -1
E 1855 1403 1430 0 0 67.29 1
E 1856 1402 1404 0 1 153.6 1
E 1857 1403 1405 0 1 153.6 -1
E 1858 1400 1402 1 0 26.4 0
E 1859 1401 1403 1 0 26.4 0
E 1860 1400 1401 1 1 13.96 0
E 1861 1402 1403 1 1 13.96 0
E 1862 1405 1432 0 0 67.29 -1
E 1863 1407 1434 0 0 67.29 1
E 1864 1405 1407 1 0 26.4 0
E 1865 1409 1436 0 0 67.29 -1
E 1866 1411 1438 0 0 67.29 1
E 1867 1410 1412 0 1 153.6 1
E 1868 1411 1413 0 1 153.6 -1
E 1869 1413 1440 0 0 67.29 -1
E 1870 1415 1442 0 0 67.29 1
E 1871 1414 1416 0 1 153.6 1
E 1872 1415 1417 0 1 153.6 -1
E 1873 1412 1414 1 0 26.4 0
E 1874 1412 1413 1 1 11.46 0
E 1875 1417 1444 0 0 67.29 -1
E 1876 1419 1446 0 0 67.29 1
E 1877 1418 1420 0 1 223.6 1
E 1878 1419 1421 0 1 223.6 -1
E 1879 1416 1418 1 0 26.4 0
E 1880 1417 1419 1 0 26.4 0
E 1881 1416 1417 1 1 11.46 0
E 1882 1418 1419 1 1 11.46 0
E 1883 1421 1448 0 0 67.29 -1
E 1884 1423 1450 0 0 67.29 1
E 1885 1420 1421 1 1 11.46 0
E 1886 1425 1452 0 0 67.29 -1
E 1887 1427 1454 0 0 67.29 1
E 1888 1426 1428 0 1 153.6 1
E 1889 1427 1429 0 1 153.6 -1
E 1890 1425 1427 1 0 26.4 0
E 1891 1424 1425 1 1 11.46 0
E 1892 1429 1456 0 0 67.29 -1
E 1893 1431 1458 0 0 67.29 1
E 1894 1430 1432 0 1 153.6 1
E 1895 1431 1433 0 1 153.6 -1
E 1896 1428 1430 1 0 26.4 0
E 1897 1429 1431 1 0 26.4 0
E 1898 1428 1429 1 1 11.46 0
E 1899 1430 1431 1 1 11.46 0
E 1900 1433 1460 0 0 67.29 -1
E 1901 1435 1462 0 0 67.29 1
E 1902 1437 1464 0 0 66.04 -1
E 1903 1439 1465 0 0 66.04 1
E 1904 1438 1440 0 1 153.6 1
E 1905 1439 1441 0 1 153.6 -1
E 1906 1441 1467 0 0 66.04 -1
E 1907 1443 1469 0 0 66.04 1
E 1908 1442 1444 0 1 153.6 1
E 1909 1443 1445 0 1 153.6 -1
E 1910 1445 1471 0 0 66.04 -1
E 1911 1447 1473 0 0 66.04 1
E 1912 1446 1448 0 1 223.6 1
E 1913 1447 1449 0 1 223.6 -1
E 1914 1444 1446 1 0 26.4 0
E 1915 1445 1447 1 0 26.4 0
E 1916 1444 1445 1 1 13.96 0
E 1917 1446 1447 1 1 13.96 0
E 1918 1449 1475 0 0 66.04 -1
E 1919 1451 1477 0 0 66.04 1
E 1920 1453 1479 0 0 66.04 -1
E 1921 1455 1481 0 0 66.04 1
E 1922 1454 1456 0 1 153.6 1
E 1923 1455 1457 0 1 153.6 -1
E 1924 1453 1455 1 0 26.4 0
E 1925 1454 1455 1 1 13.96 0
E 1926 1457 1483 0 0 66.04 -1
E 1927 1459 1485 0 0 66.04 1
E 1928 1458 1460 0 1 153.6 1
E 1929 1459 1461 0 1 153.6 -1
E 1930 1456 1458 1 0 26.4 0
E 1931 1457 1459 1 0 26.4 0
E 1932 1456 1457 1 1 13.96 0
E 1933 1458 1459 1 1 13.96 0
E 1934 1461 1487 0 0 66.04 -1
E 1935 1463 1489 0 0 66.04 1
E 1936 1460 1462 1 0 26.4 0
E 1937 1461 1463 1 0 26.4 0
E 1938 1460 1461 1 1 13.96 0
E 1939 1465 1467 0 1 153.6 1
E 1940 1466 1468 0 1 153.6 -1
E 1941 1468 1491 0 0 66.04 -1
E 1942 1470 1493 0 0 66.04 1
E 1943 1469 1471 0 1 153.6 1
E 1944 1470 1472 0 1 153.6 -1
E 1945 1468 1470 1 0 26.4 0
E 1946 1472 1495 0 0 66.04 -1
E 1947 1474 1497 0 0 66.04 1
E 1948 1473 1475 0 1 223.6 1
E 1949 1474 1476 0 1 223.6 -1
E 1950 1471 1473 1 0 26.4 0
E 1951 1471 1472 1 1 13.96 0
E 1952 1476 1499 0 0 66.04 -1
E 1953 1478 1501 0 0 66.04 1
E 1954 1480 1503 0 0 66.04 -1
E 1955 1482 1505 0 0 66.04 1
E 1956 1481 1483 0 1 153.6 1
E 1957 1482 1484 0 1 153.6 -1
E 1958 1480 1482 1 0 26.4 0
E 1959 1481 1482 1 1 13.96 0
E 1960 1484 1507 0 0 66.04 -1
E 1961 1486 1509 0 0 66.04 1
E 1962 1485 1487 0 1 153.6 1
E 1963 1486 1488 0 1 153.6 -1
E 1964 1483 1485 1 0 26.4 0
E 1965 1484 1486 1 0 26.4 0
E 1966 1483 1484 1 1 13.96 0
E 1967 1485 1486 1 1 13.96 0
E 1968 1488 1511 0 0 66.04 -1
E 1969 1490 1513 0 0 66.04 1
E 1970 1487 1489 1 0 26.4 0
E 1971 1492 1515 0 0 66.04 -1
E 1972 1494 1517 0 0 66.04 1
E 1973 1493 1495 0 1 153.6 1
E 1974 1494 1496 0 1 153.6 -1
E 1975 1491 1493 1 0 26.4 0
E 1976 1493 1494 1 1 13.96 0
E 1977 1496 1519 0 0 66.04 -1
E 1978 1498 1521 0 0 66.04 1
E 1979 1497 1499 0 1 223.6 1
E 1980 1498 1500 0 1 223.6 -1
E 1981 1495 1497 1 0 26.4 0
E 1982 1495 1496 1 1 13.96 0
E 1983 1500 1523 0 0 66.04 -1
E 1984 1502 1525 0 0 66.04 1
E 1985 1504 1527 0 0 66.04 -1
E 1986 1506 1529 0 0 66.04 1
E 1987 1505 1507 0 1 153.6 1
E 1988 1506 1508 0 1 153.6 -1
E 1989 1503 1505 1 0 26.4 0
E 1990 1505 1506 1 1 13.96 0
E 1991 1508 1531 0 0 66.04 -1
E 1992 1510 1533 0 0 66.04 1
E 1993 1509 1511 0 1 153.6 1
E 1994 1510 1512 0 1 153.6 -1
E 1995 1507 1509 1 0 26.4 0
E 1996 1508 1510 1 0 26.4 0
E 1997 1507 1508 1 1 13.96 0
E 1998 1509 1510 1 1 13.96 0
E 1999 1512 1535 0 0 66.04 -1
E 2000 1514 1537 0 0 66.04 1
E 2001 1511 1513 1 0 26.4 0
E 2002 1512 1514 1 0 26.4 0
E 2003 1511 1512 1 1 13.96 0
E 2004 1516 1539 0 0 66.04 -1
E 2005 1518 1541 0 0 66.04 1
E 2006 1517 1519 0 1 153.6 1
E 2007 1518 1520 0 1 153.6 -1
E 2008 1515 1517 1 0 26.4 0
E 2009 1520 1543 0 0 66.04 -1
E 2010 1522 1545 0 0 66.04 1
E 2011 1521 1523 0 1 223.6 1
E 2012 1522 1524 0 1 223.6 -1
E 2013 1519 1521 1 0 26.4 0
E 2014 1519 1520 1 1 13.96 0
E 2015 1524 1547 0 0 66.04 -1
E 2016 1526 1549 0 0 66.04 1
E 2017 1526 1528 0 1 223.6 -1
E 2018 1528 1551 0 0 66.04 -1
E 2019 1530 1553 0 0 66.04 1
E 2020 1529 1531 0 1 153.6 1
E 2021 1530 1532 0 1 153.6 -1
E 2022 1532 1555 0 0 66.04 -1
E 2023 1534 1557 0 0 66.04 1
E 2024 1533 1535 0 1 153.6 1
E 2025 1534 1536 0 1 153.6 -1
E 2026 1531 1533 1 0 26.4 0
E 2027 1532 1534 1 0 26.4 0
E 2028 1531 1532 1 1 13.96 0
E 2029 1533 1534 1 1 13.96 0
E 2030 1536 1559 0 0 66.04 -1
E 2031 1538 1561 0 0 66.04 1
E 2032 1536 1538 1 0 26.4 0
E 2033 1540 1563 0 0 66.04 -1
E 2034 1542 1565 0 0 66.04 1
E 2035 1541 1543 0 1 153.6 1
E 2036 1542 1544 0 1 153.6 -1
E 2037 1539 1541 1 0 26.4 0
E 2038 1544 1567 0 0 66.04 -1
E 2039 1546 1569 0 0 66.04 1
E 2040 1545 1547 0 1 223.6 1
E 2041 1546 1548 0 1 223.6 -1
E 2042 1543 1545 1 0 26.4 0
E 2043 1544 1546 1 0 26.4 0
E 2044 1543 1544 1 1 13.96 0
E 2045 1545 1546 1 1 13.96 0
E 2046 1548 1571 0 0 66.04 -1
E 2047 1550 1573 0 0 66.04 1
E 2048 1549 1551 0 1 223.6 1
E 2049 1550 1552 0 1 223.6 -1
E 2050 1548 1550 1 0 26.4 0
E 2051 1547 1548 1 1 13.96 0
E 2052 1552 1575 0 0 66.04 -1
E 2053 1554 1577 0 0 66.04 1
E 2054 1553 1555 0 1 153.6 1
E 2055 1554 1556 0 1 153.6 -1
E 2056 1556 1579 0 0 66.04 -1
E 2057 1558 1581 0 0 66.04 1
E 2058 1557 1559 0 1 153.6 1
E 2059 1558 1560 0 1 153.6 -1
E 2060 1555 1557 1 0 26.4 0
E 2061 1556 1558 1 0 26.4 0
E 2062 1555 1556 1 1 13.96 0
E 2063 1557 1558 1 1 13.96 0
E 2064 1560 1583 0 0 66.04 -1
E 2065 1562 1585 0 0 66.04 1
E 2066 1559 1561 1 0 26.4 0
E 2067 1564 1587 0 0 66.04 -1
E 2068 1566 1589 0 0 66.04 1
E 2069 1565 1567 0 1 153.6 1
E 2070 1566 1568 0 1 153.6 -1
E 2071 1563 1565 1 0 26.4 0
E 2072 1564 1566 1 0 26.4 0
E 2073 1565 1566 1 1 13.96 0
E 2074 1568 1591 0 0 66.04 -1
E 2075 1570 1593 0 0 66.04 1
E 2076 1569 1571 0 1 223.6 1
E 2077 1570 1572 0 1 223.6 -1
E 2078 1567 1569 1 0 26.4 0
E 2079 1568 1570 1 0 26.4 0
E 2080 1567 1568 1 1 13.96 0
E 2081 1569 1570 1 1 13.96 0
E 2082 1572 1595 0 0 66.04 -1
E 2083 1574 1597 0 0 66.04 1
E 2084 1573 1575 0 1 223.6 1
E 2085 1574 1576 0 1 223.6 -1
E 2086 1571 1573 1 0 26.4 0
E 2087 1572 1574 1 0 26.4 0
E 2088 1571 1572 1 1 13.96 0
E 2089 1573 1574 1 1 13.96 0
E 2090 1576 1599 0 0 66.04 -1
E 2091 1578 1601 0 0 66.04 1
E 2092 1577 1579 0 1 153.6 1
E 2093 1578 1580 0 1 153.6 -1
E 2094 1575 1577 1 0 26.4 0
E 2095 1576 1578 1 0 26.4 0
E 2096 1575 1576 1 1 13.96 0
E 2097 1577 1578 1 1 13.96 0
E 2098 1580 1603 0 0 66.04 -1
E 2099 1582 1605 0 0 66.04 1
E 2100 1581 1583 0 1 153.6 1
E 2101 1582 1584 0 1 153.6 -1
E 2102 1579 1581 1 0 26.4 0
E 2103 1580 1582 1 0 26.4 0
E 2104 1579 1580 1 1 13.96 0
E 2105 1581 1582 1 1 13.96 0
E 2106 1584 1607 0 0 66.04 -1
E 2107 1586 1609 0 0 66.04 1
E 2108 1583 1585 1 0 26.4 0
E 2109 1584 1586 1 0 26.4 0
E 2110 1583 1584 1 1 13.96 0
E 2111 1588 1610 0 0 66.04 -1
E 2112 1590 1611 0 0 66.04 1
E 2113 1589 1591 0 1 153.6 1
E 2114 1590 1592 0 1 153.6 -1
E 2115 1587 1589 1 0 26.4 0
E 2116 1588 1590 1 0 26.4 0
E 2117 1589 1590 1 1 13.96 0
E 2118 1592 1613 0 0 66.04 -1
E 2119 1594 1615 0 0 66.04 1
E 2120 1593 1595 0 1 223.6 1
E 2121 1594 1596 0 1 223.6 -1
E 2122 1591 1593 1 0 26.4 0
E 2123 1592 1594 1 0 26.4 0
E 2124 1591 1592 1 1 13.96 0
E 2125 1593 1594 1 1 13.96 0
E 2126 1596 1617 0 0 66.04 -1
E 2127 1598 1619 0 0 66.04 1
E 2128 1597 1599 0 1 223.6 1
E 2129 1598 1600 0 1 223.6 -1
E 2130 1595 1597 1 0 26.4 0
E 2131 1596 1598 1 0 26.4 0
E 2132 1595 1596 1 1 13.96 0
E 2133 1597 1598 1 1 13.96 0
E 2134 1600 1621 0 0 66.04 -1
E 2135 1602 1623 0 0 66.04 1
E 2136 1601 1603 0 1 153.6 1
E 2137 1602 1604 0 1 153.6 -1
E 2138 1599 1601 1 0 26.4 0
E 2139 1600 1602 1 0 26.4 0
E 2140 1599 1600 1 1 13.96 0
E 2141 1601 1602 1 1 13.96 0
E 2142 1604 1625 0 0 66.04 -1
E 2143 1606 1627 0 0 66.04 1
E 2144 1605 1607 0 1 153.6 1
E 2145 1606 1608 0 1 153.6 -1
E 2146 1603 1605 1 0 26.4 0
E 2147 1604 1606 1 0 26.4 0
E 2148 1603 1604 1 1 13.96 0
E 2149 1605 1606 1 1 13.96 0
E 2150 1607 1609 1 0 26.4 0
E 2151 1611 1613 0 1 153.6 1
E 2152 1612 1614 0 1 153.6 -1
E 2153 1610 1611 1 0 26.4 0
E 2154 1615 1617 0 1 223.6 1
E 2155 1616 1618 0 1 223.6 -1
E 2156 1613 1615 1 0 26.4 0
E 2157 1619 1621 0 1 223.6 1
E 2158 1620 1622 0 1 223.6 -1
E 2159 1617 1619 1 0 26.4 0
E 2160 1623 1625 0 1 153.6 1
E 2161 1624 1626 0 1 153.6 -1
E 2162 1621 1623 1 0 26.4 0
E 2163 1625 1627 1 0 26.4 0
