run                                 hits lnch air fin web  kos   gap en>=5  marg  occ%  occF   dmg  blow  miss
seed11                                33    3   9   2   5    6  0.90  0.99 0.057   3.8     0   138    33    1
seed12                                33    3   9   2   5    4  0.87  0.98 0.058  16.4     4   143    33    1
seed13                                37    3   9   2   3    6  0.80  0.98 0.056  13.6     0   150    37    0
seed14                                34    3   9   2   4    6  0.80  0.90 0.057   7.9     0   125    34    0
seed15                                28    2   6   1   5    6  0.85  0.87 0.057  16.4     3    90    28    0
seed16                                38    3   9   2   5    6  0.90  1.00 0.060  20.0     7   159    38    0
seed17                                38    3   9   2   4    7  0.80  0.91 0.056  13.9     0   129    38    2
seed18                                38    3   9   1   5    6  0.90  0.91 0.056  16.5     3   108    38    1
seed19                                37    3   9   1   5    6  1.12  0.90 0.059  16.4     3   150    37    0
seed20                                34    3   9   2   5    5  1.20  0.90 0.056  16.4     2    57    34    0
seed21                                35    3   9   2   5    5  0.90  0.94 0.056   9.7     0   144    35    2
seed22                                34    3   9   0   4    4  0.82  1.00 0.057   5.7     0   165    34    3
seed23                                37    3   9   2   4    9  1.30  0.83 0.060   8.4     0   120    37    5
